99,138,171,186,198,211,210,210,215,219,227,232,233,230,229,229,228,227,225,223,222,214,177,123
130,179,214,222,224,228,226,224,223,223,225,227,227,225,220,214,203,193,191,196,205,210,187,145
164,204,225,216,200,187,182,186,197,206,212,217,217,208,190,164,135,115,114,132,162,186,181,154
178,198,196,168,136,107,98,109,134,163,187,203,203,184,145,101,63,42,44,68,109,148,158,143
170,177,159,120,82,50,38,43,65,105,158,193,194,161,105,55,27,18,21,35,65,108,132,124
170,164,137,96,61,35,22,20,32,67,145,198,205,164,94,39,16,10,9,14,30,63,95,108
168,155,111,63,36,17,11,12,25,66,160,219,226,186,115,49,21,17,20,26,38,62,92,113
177,159,107,56,37,28,27,33,55,108,193,238,242,215,162,95,57,46,50,62,79,108,137,151
200,185,143,97,73,66,67,81,116,172,227,247,247,236,213,166,126,104,101,112,136,174,200,201
226,229,211,173,131,111,113,140,183,224,244,249,246,241,238,229,207,183,169,171,195,222,235,228
240,245,239,221,198,186,192,210,230,241,247,249,247,241,234,239,240,236,231,231,237,244,244,238
243,248,248,243,237,234,236,234,229,230,246,250,249,243,228,224,226,234,246,250,250,249,244,238
238,245,249,249,248,245,233,214,205,225,242,247,246,243,233,221,197,189,210,233,240,239,233,228
225,239,245,242,237,222,189,163,170,214,216,217,218,217,217,212,168,132,142,189,210,214,211,208
204,224,230,220,207,177,123,99,119,153,139,136,142,143,131,141,129,97,80,124,159,175,181,182
177,196,200,185,161,117,69,58,74,76,57,60,69,68,56,74,101,100,73,77,104,129,145,152
151,162,159,139,110,71,42,55,84,78,41,28,30,33,40,73,115,122,85,53,62,86,110,125
123,123,113,94,69,43,33,64,110,112,63,31,21,27,46,83,118,122,86,42,38,58,86,103
101,91,76,61,47,32,28,57,98,107,70,37,24,28,38,60,79,80,60,35,33,51,76,90
96,83,64,49,43,31,23,26,35,36,27,21,19,21,28,32,31,28,28,35,47,65,82,91
94,96,79,60,58,50,41,34,33,35,37,35,31,31,43,55,61,69,79,82,86,98,108,111
97,108,104,94,95,92,90,94,99,99,98,92,85,82,92,110,126,141,150,139,129,130,134,134
88,104,117,124,129,131,139,154,167,161,147,132,120,116,123,142,164,180,182,164,142,135,135,133
67,86,111,130,140,145,157,175,185,174,148,121,105,103,108,128,153,167,165,150,125,115,115,112
