77,139,199,227,234,235,236,236,235,235,233,234,232,227,217,209,204,200,193,187,174,169,162,151
103,158,208,224,219,213,212,216,220,224,225,226,227,226,222,218,217,215,213,213,211,208,200,188
129,177,203,195,174,150,137,139,156,180,199,210,217,219,213,202,188,175,168,175,191,206,210,206
147,183,186,155,122,86,61,57,77,114,156,187,204,205,187,157,124,97,83,93,123,160,186,193
161,182,168,126,90,58,37,28,33,56,109,166,197,191,155,104,63,38,29,36,66,112,152,166
176,181,148,94,56,32,19,14,17,34,88,166,210,195,143,75,34,17,14,19,37,74,115,139
175,180,138,76,43,28,18,16,22,43,111,193,232,210,154,72,27,12,10,9,19,40,75,110
176,195,169,113,71,54,45,47,61,94,165,224,246,228,184,103,49,28,26,28,35,45,71,108
189,220,220,179,129,102,93,102,127,168,219,244,249,240,218,160,105,72,64,68,80,93,117,146
213,237,242,220,188,159,150,165,196,225,243,249,247,243,238,221,184,144,118,114,131,162,193,208
234,244,248,243,235,226,225,228,234,239,247,249,247,242,236,238,233,217,200,191,200,219,235,240
243,247,250,249,248,246,243,231,221,227,246,250,249,244,228,229,237,241,239,235,238,244,247,246
239,244,245,243,239,231,210,192,195,225,241,246,247,244,232,222,212,217,236,246,249,248,244,239
226,230,229,222,213,189,146,134,164,208,209,215,221,223,225,214,177,164,196,228,238,238,232,224
204,202,196,183,161,119,75,75,109,125,124,134,148,157,161,175,140,108,127,182,207,214,210,203
172,164,152,134,105,67,46,60,78,58,51,63,74,74,71,99,104,88,81,128,161,179,180,172
137,119,103,87,63,39,44,80,101,64,34,28,32,38,50,89,113,97,64,81,111,138,148,141
108,83,66,56,39,27,45,92,121,88,43,23,23,36,63,107,131,110,62,50,70,102,119,115
94,67,51,46,34,24,36,68,91,75,43,27,26,37,60,95,113,95,55,36,48,79,99,96
97,76,60,54,43,32,23,22,25,25,22,19,19,25,33,39,44,41,32,31,44,72,88,82
99,98,95,89,81,71,62,55,51,47,40,31,28,35,43,41,40,41,44,51,62,80,83,67
91,110,125,126,122,123,130,130,121,108,97,84,78,84,96,100,104,103,97,92,98,105,98,78
71,101,126,134,138,152,170,178,169,149,132,119,115,122,141,158,170,168,150,132,130,131,119,97
51,81,105,116,124,143,161,173,169,145,116,105,107,119,145,171,188,187,169,149,143,142,128,102
