98,132,163,179,192,207,221,231,235,232,226,221,220,224,230,230,225,218,207,191,179,161,130,100
115,151,182,197,208,220,230,234,234,231,223,218,217,221,227,224,219,213,205,192,185,167,139,115
134,166,194,205,207,215,218,218,216,214,208,202,200,203,205,202,195,186,177,167,162,153,138,125
137,160,176,176,169,171,171,172,174,177,177,173,170,168,162,155,144,130,118,111,109,111,113,110
116,128,126,110,100,97,98,105,115,128,139,139,134,125,107,91,75,59,48,47,55,65,73,77
87,83,75,62,49,40,40,48,62,83,109,123,120,100,71,48,33,25,25,32,47,62,70,71
83,75,61,43,27,19,21,28,41,64,109,146,144,104,59,32,18,12,15,25,33,48,64,70
88,80,62,42,29,23,28,32,37,61,125,182,182,125,63,34,24,23,29,41,43,54,70,79
102,96,78,59,51,44,48,48,49,74,146,209,209,147,79,51,45,48,55,66,71,79,89,94
129,130,118,100,88,77,72,71,80,110,170,219,212,155,104,83,73,70,73,80,91,102,110,111
146,156,152,135,115,103,104,113,130,158,194,226,207,152,127,117,112,113,118,127,139,141,133,124
158,180,197,196,183,172,166,165,169,181,202,226,200,146,141,143,152,165,178,185,188,170,143,126
162,192,221,233,231,221,204,185,173,177,202,226,199,143,131,135,156,183,202,209,204,177,144,126
158,189,216,227,229,216,187,163,155,166,201,227,204,147,118,107,123,152,176,185,181,163,140,126
147,178,201,205,198,171,135,128,149,172,200,220,201,156,135,101,90,102,125,139,141,135,125,118
130,152,165,161,144,120,100,116,150,163,181,186,166,137,127,101,79,76,90,105,110,110,108,106
111,123,127,118,100,81,78,95,111,106,115,119,106,87,84,83,74,65,66,79,88,94,97,97
95,101,98,86,70,59,68,79,73,53,51,55,50,39,41,61,68,61,53,61,73,84,89,89
85,91,85,69,54,50,64,73,61,36,25,23,20,18,23,45,57,54,45,53,66,78,83,82
77,87,84,69,55,45,53,56,46,30,26,27,25,20,21,33,38,37,40,58,70,76,76,72
68,81,85,75,58,38,34,35,33,31,34,36,37,35,29,27,26,31,45,68,76,73,64,56
53,71,83,79,65,49,45,43,40,40,43,45,48,48,42,39,42,50,60,74,73,61,47,38
40,59,75,79,73,68,71,71,64,59,58,59,60,61,59,62,69,73,74,74,65,48,32,25
35,50,67,75,76,78,86,89,85,80,76,74,73,73,74,78,81,81,78,71,60,42,26,19
