73,118,167,197,210,222,228,233,238,239,238,240,239,236,235,231,224,215,206,201,193,176,151,132
98,129,162,180,182,193,203,217,230,235,238,237,238,242,239,236,230,217,203,195,193,184,167,152
115,133,148,149,142,137,143,159,181,206,224,229,233,236,229,216,196,171,152,148,149,150,148,142
112,127,134,130,120,98,93,101,122,157,187,205,212,210,197,175,144,112,92,97,101,109,115,116
97,118,133,135,132,106,94,92,98,112,132,153,163,159,148,134,120,100,82,87,98,108,112,109
93,112,124,129,133,123,116,110,101,91,87,89,90,91,99,107,114,112,102,97,100,104,106,106
99,136,153,152,154,138,130,131,130,113,87,84,83,85,112,127,133,136,134,112,121,132,130,117
109,151,172,169,164,141,135,143,148,135,118,142,141,115,126,141,146,151,151,122,135,153,152,137
117,147,166,165,157,137,141,152,154,143,161,210,204,146,127,139,149,153,148,125,135,153,159,152
120,142,152,149,145,141,155,167,163,153,196,229,211,160,134,144,153,150,138,124,127,144,155,153
130,144,147,141,144,157,167,176,175,166,219,238,218,174,130,142,155,154,143,135,130,143,156,155
136,150,157,153,152,171,180,170,163,185,235,241,224,188,121,129,150,160,157,152,143,151,161,158
134,147,159,163,160,172,173,157,159,209,242,243,229,200,140,119,131,151,162,162,154,157,159,152
133,139,151,159,159,159,150,150,174,222,238,238,224,200,173,125,111,126,147,154,150,152,150,139
148,149,150,149,147,143,139,156,184,202,214,211,192,168,159,136,114,107,114,125,129,138,143,139
158,158,163,163,151,138,144,147,139,133,148,141,121,100,89,90,104,115,117,124,138,145,141,133
159,157,162,162,147,143,154,140,108,90,89,82,71,62,58,62,86,103,100,99,118,129,127,121
146,149,157,156,138,125,124,109,82,68,56,54,52,49,50,51,63,71,68,69,92,109,112,106
117,134,154,157,132,83,63,59,58,55,53,58,57,49,46,48,46,40,40,55,89,107,106,95
83,107,143,160,130,65,46,51,61,70,74,79,75,66,65,61,54,44,38,54,105,123,108,91
74,87,125,156,142,85,72,76,84,96,105,107,106,101,92,76,71,73,76,85,121,131,112,91
69,72,103,141,149,129,136,140,136,140,143,140,139,138,126,112,112,123,131,121,129,128,111,90
59,59,81,115,138,153,176,182,171,164,158,150,148,149,141,137,143,155,159,137,126,119,103,82
48,50,67,93,116,142,163,170,165,155,144,133,131,133,130,132,143,152,148,129,118,110,92,70
