116,118,126,134,139,142,152,164,175,185,190,195,199,201,201,206,210,210,205,197,185,141,102,95
125,139,151,156,160,161,165,174,185,190,189,189,192,196,199,203,208,208,202,194,186,149,104,81
125,148,158,155,152,146,139,142,153,165,173,176,178,181,182,183,182,177,170,168,167,151,112,71
121,142,145,131,119,110,96,90,96,115,140,156,163,161,152,141,129,122,124,133,140,148,125,78
125,136,131,111,97,89,78,65,60,75,103,135,154,149,121,88,67,70,92,111,130,149,139,103
139,137,123,107,98,84,75,73,74,74,96,135,163,154,107,70,47,53,82,106,129,153,153,125
138,137,121,104,97,80,72,92,112,99,112,155,184,171,120,97,64,63,99,113,130,159,163,135
145,147,134,116,108,96,93,112,132,123,137,175,200,188,146,125,99,97,123,128,146,171,171,143
158,163,156,142,130,125,123,128,136,142,158,186,206,200,170,146,134,135,145,151,171,186,177,150
159,171,175,166,153,141,137,141,150,160,170,188,204,204,182,171,162,160,167,178,190,194,179,153
163,178,187,185,178,170,166,164,164,165,169,183,200,204,184,181,181,182,185,192,196,192,177,158
164,176,185,188,186,183,179,174,168,163,162,182,204,207,188,177,182,188,189,194,194,189,179,168
165,173,180,183,184,183,180,173,163,155,160,181,201,206,191,174,176,183,186,190,190,186,181,178
164,169,176,179,178,176,173,165,153,145,152,161,175,184,176,168,170,176,180,184,186,182,180,182
157,166,173,175,173,168,163,155,145,133,115,109,121,136,130,150,161,167,173,179,181,178,176,175
147,160,168,168,165,160,156,153,147,130,101,94,105,116,118,146,161,166,168,172,174,173,167,159
135,153,164,164,160,157,155,155,153,141,118,106,110,124,137,154,163,167,167,168,170,168,159,147
126,147,160,160,156,154,152,152,154,153,143,131,128,139,155,161,163,164,164,163,166,165,154,142
121,143,155,154,150,146,137,136,141,146,144,142,140,142,150,155,153,150,150,157,162,161,151,139
112,138,151,147,142,130,108,103,111,113,107,110,116,119,120,125,124,121,128,151,159,155,144,135
108,134,147,143,135,119,92,79,85,94,99,106,111,114,116,118,117,114,118,142,153,148,137,132
99,126,140,135,128,117,103,98,100,106,108,111,114,119,126,131,133,128,126,137,145,141,132,130
92,118,130,126,121,118,120,125,126,121,115,111,112,118,128,138,141,135,127,126,125,121,116,113
93,114,123,119,115,117,123,129,129,120,112,105,102,107,118,125,128,122,112,109,98,94,92,86
