223,231,237,239,239,238,235,232,228,223,220,221,222,220,213,202,189,175,163,150,144,138,128,118
204,222,233,234,235,235,233,231,227,222,219,219,220,218,206,189,171,155,144,130,127,130,128,121
190,208,217,215,215,218,221,222,220,217,215,213,210,204,188,169,153,144,138,124,115,116,120,121
185,198,201,196,197,199,203,206,208,210,211,201,190,182,173,162,155,153,149,137,118,110,112,118
183,196,199,194,190,187,187,190,197,208,209,186,163,158,169,176,175,166,155,144,129,117,113,118
186,200,199,182,164,156,166,180,195,212,209,179,145,135,158,171,167,146,123,118,122,123,124,125
191,201,198,179,159,149,160,178,198,214,208,176,139,124,150,173,174,156,132,124,123,127,133,136
196,205,204,192,179,171,176,190,205,214,205,177,144,129,149,174,182,174,159,147,138,138,143,146
200,210,213,208,202,198,199,205,212,212,203,179,154,142,151,172,184,185,179,168,157,153,152,152
200,211,214,208,203,202,205,211,214,211,202,183,161,146,149,168,183,187,183,176,169,162,157,154
199,211,215,210,206,206,208,211,214,213,203,184,158,135,134,158,179,186,182,177,170,162,154,151
197,210,216,213,209,208,205,207,212,212,200,181,153,124,113,139,167,181,180,174,168,159,151,148
195,208,216,213,208,200,196,201,208,208,194,173,146,118,96,113,146,169,174,169,162,154,147,145
191,204,212,209,200,186,187,195,201,199,184,158,130,106,83,87,119,152,165,163,156,147,140,138
185,199,205,197,183,176,187,195,194,187,169,134,99,76,66,70,98,132,155,156,149,139,132,130
180,193,194,181,170,180,195,202,197,186,166,129,97,79,74,78,96,122,144,150,144,130,121,121
174,186,183,169,167,187,201,204,199,190,174,149,125,109,98,99,106,119,133,142,140,127,117,118
170,180,175,164,172,192,201,201,197,190,181,167,151,134,120,114,113,115,121,134,141,132,121,122
167,176,172,166,178,188,190,191,190,185,178,168,153,136,121,111,104,104,113,131,144,140,130,127
160,174,174,168,174,166,163,171,180,178,172,160,142,121,100,87,87,99,118,139,149,143,132,128
146,170,179,175,175,163,156,165,179,177,171,158,142,125,105,95,101,116,133,149,151,140,128,125
127,161,182,182,180,177,173,176,180,176,173,165,155,143,129,119,122,130,140,151,146,131,120,118
108,146,177,185,184,189,190,188,184,179,177,173,167,158,146,136,133,135,139,146,137,122,113,112
95,133,168,184,185,190,192,192,189,186,183,177,169,157,145,135,131,132,136,139,129,117,110,110
