97,140,175,189,197,199,202,207,214,221,228,235,236,232,228,223,216,208,201,197,191,184,172,158
127,155,178,185,185,186,186,188,193,201,211,224,231,229,224,217,215,216,218,219,221,219,209,198
154,166,168,156,142,135,126,124,132,149,171,195,209,208,193,182,175,176,187,202,213,221,223,219
162,164,148,120,94,75,59,58,74,100,131,162,179,175,155,138,120,109,114,134,153,173,190,198
155,153,134,105,77,50,35,41,64,92,118,145,158,153,135,118,95,68,49,55,75,103,131,149
138,146,134,107,83,65,55,64,85,101,124,152,169,161,133,116,99,76,49,32,36,58,90,115
133,148,147,133,121,103,91,97,111,117,135,173,200,189,145,123,110,98,76,48,52,69,94,117
145,165,173,165,155,136,124,126,134,136,150,193,224,214,165,140,129,123,112,94,104,123,142,153
168,188,198,192,178,162,155,155,157,157,167,205,234,228,188,167,158,152,147,146,159,182,199,201
191,201,210,211,204,197,192,188,184,178,185,214,236,234,210,201,195,189,181,179,191,210,225,231
203,205,215,225,226,226,219,209,199,192,201,223,239,237,223,222,222,220,217,218,227,238,245,245
208,205,214,227,231,228,209,193,188,189,206,229,243,240,225,221,216,218,228,234,242,249,249,246
204,198,203,214,214,200,175,167,175,181,200,225,239,237,225,219,200,190,203,224,238,244,243,236
192,182,183,188,181,158,141,145,159,165,180,203,217,217,211,209,183,158,160,193,217,229,227,218
174,166,162,157,142,130,127,124,118,117,138,159,168,165,160,163,156,142,135,152,180,201,204,196
158,150,138,121,102,103,102,86,62,51,71,87,89,78,69,91,119,131,123,119,139,163,175,171
139,132,105,72,55,60,58,44,28,19,27,33,34,30,30,51,82,101,96,82,93,124,147,147
123,110,71,32,22,25,23,19,16,15,15,14,15,19,25,32,47,60,59,48,52,88,122,126
109,86,45,14,11,12,16,23,29,32,33,31,31,33,29,26,24,26,28,26,27,63,102,112
92,66,31,11,13,19,31,53,74,79,82,79,77,73,59,46,30,18,14,14,19,54,89,99
68,44,20,15,32,54,69,91,115,129,150,151,143,132,113,93,65,43,31,16,16,39,64,71
40,25,13,19,47,81,99,112,124,131,155,160,152,141,131,120,100,78,54,22,15,24,36,42
20,16,12,22,51,86,105,114,117,120,137,142,138,133,133,130,121,100,67,25,16,14,18,25
15,16,16,23,46,75,95,106,116,128,140,145,144,143,143,137,125,100,64,26,16,13,15,23
