89,105,135,162,172,181,194,189,164,135,121,112,108,107,107,102,98,92,85,82,75,69,68,71
78,100,141,173,179,189,205,204,182,153,134,127,124,122,124,121,115,107,96,85,75,68,64,63
77,109,159,187,176,170,173,172,166,157,150,148,147,144,145,139,129,120,113,103,99,92,81,70
89,126,166,177,151,131,118,116,124,140,153,163,164,158,151,138,123,113,111,109,114,114,102,87
107,138,148,133,115,103,93,89,96,114,141,168,174,158,138,115,98,87,84,87,95,102,102,95
117,136,139,127,119,111,101,93,92,99,127,183,203,167,116,93,85,85,88,91,95,100,101,99
125,142,137,116,100,90,84,83,84,93,136,206,232,185,106,77,70,74,82,91,97,102,107,107
141,167,161,131,113,101,97,96,99,113,167,228,245,200,117,86,79,82,88,97,103,110,116,119
160,197,201,173,151,133,128,130,137,157,206,242,246,210,143,116,106,103,103,110,117,126,132,133
171,210,230,212,175,147,142,158,182,207,229,247,246,218,169,150,132,119,117,126,142,154,154,146
177,209,234,237,223,210,214,224,230,230,235,247,246,220,184,182,184,179,170,175,187,183,167,154
187,215,238,246,247,245,246,243,234,225,234,247,248,227,189,191,210,222,218,218,220,206,180,161
193,221,241,247,250,248,233,213,206,221,235,247,250,232,194,184,201,223,236,237,234,218,190,166
189,215,234,239,237,222,187,161,170,211,218,225,229,217,185,170,167,184,211,224,225,214,190,166
174,191,208,214,203,170,129,123,148,164,150,157,165,160,144,149,132,127,152,181,193,187,170,155
155,158,168,172,156,122,113,133,147,119,93,93,97,93,91,112,119,110,107,131,149,154,147,137
141,144,150,145,119,101,124,151,149,108,77,68,67,66,71,94,121,120,96,96,111,127,130,123
135,143,147,131,98,104,138,157,144,113,88,72,66,67,74,92,122,128,102,82,91,111,121,114
131,145,147,124,91,110,132,139,129,112,98,83,73,72,79,92,110,115,100,77,87,107,114,108
126,143,145,123,90,92,95,101,105,98,92,85,79,76,78,85,84,80,76,69,90,108,112,105
119,136,144,128,93,84,72,81,107,123,125,117,113,113,105,93,66,54,66,71,99,112,110,106
113,128,141,135,114,111,91,84,98,121,129,127,126,122,106,85,62,61,83,85,107,111,103,100
107,117,127,130,128,135,121,101,93,100,103,105,105,101,89,77,73,86,105,101,111,102,84,74
102,106,109,113,120,129,129,118,101,87,78,73,73,76,80,84,90,102,113,110,110,92,62,40
