74,88,128,175,205,219,220,221,227,236,242,247,248,246,241,235,230,226,224,219,185,125,80,73
75,92,146,202,224,230,229,229,232,236,241,243,243,236,220,205,190,177,170,176,155,113,82,79
78,103,141,169,173,170,167,169,176,183,194,201,198,182,151,128,109,93,86,93,90,76,68,74
79,97,101,92,84,76,74,79,89,101,120,128,124,107,76,55,40,31,28,31,38,43,52,64
71,64,52,41,33,26,25,29,37,47,62,67,64,56,43,33,26,23,24,30,37,40,49,62
61,58,52,44,33,24,21,22,26,32,48,71,70,47,32,27,22,16,15,20,24,29,40,51
57,58,49,37,28,21,17,19,23,29,54,116,123,68,34,24,20,17,16,19,21,28,41,52
61,61,50,35,30,27,25,27,30,37,75,165,184,110,42,31,30,29,30,32,35,41,49,57
71,72,61,48,45,45,43,45,47,51,102,195,224,154,59,47,49,50,50,52,56,60,64,69
86,95,87,71,66,63,63,65,65,69,129,205,230,180,92,66,66,69,67,68,69,75,85,93
110,140,131,95,78,72,74,76,76,87,166,219,236,211,143,83,70,77,80,80,80,92,107,113
118,162,163,123,90,79,81,80,79,97,167,217,238,219,151,88,64,68,79,82,85,93,103,108
106,146,160,136,104,92,87,80,79,101,160,211,231,206,136,87,64,61,69,72,77,82,86,90
87,111,127,122,104,96,89,85,88,102,144,180,188,159,106,79,71,72,74,72,73,75,75,75
85,94,95,85,75,73,86,113,128,102,91,94,88,68,53,56,76,102,118,113,102,91,81,75
87,92,89,82,83,99,144,182,180,127,69,51,47,40,38,48,88,133,157,157,143,115,88,77
81,86,86,88,109,151,192,215,204,152,79,48,39,35,41,54,90,130,153,160,151,118,86,75
74,78,81,91,124,174,195,194,175,139,88,59,47,45,51,61,81,101,115,126,124,103,79,71
68,71,75,87,116,149,155,138,112,92,77,65,60,60,59,61,64,67,70,78,85,82,73,67
61,67,71,78,95,112,109,89,70,66,66,67,66,61,53,50,47,44,43,51,64,68,65,63
63,67,70,74,84,91,76,61,53,52,55,58,58,55,51,51,51,50,48,47,55,60,60,60
61,64,67,70,76,76,64,60,63,62,60,56,51,47,46,49,53,55,54,49,50,54,57,57
56,60,63,65,70,66,61,65,72,70,61,51,41,36,37,42,48,53,54,48,44,47,51,51
52,58,61,62,65,62,59,62,64,60,50,37,29,26,28,36,43,49,52,44,39,42,46,45
