119,132,151,169,181,190,201,214,225,234,238,238,234,229,224,225,219,206,191,178,169,151,128,115
121,132,145,157,164,169,178,189,202,215,227,234,234,229,221,215,204,192,180,173,169,159,145,135
109,121,134,142,144,142,147,155,164,178,199,217,224,216,200,188,177,163,150,149,149,145,139,137
90,105,124,136,135,123,123,126,131,144,166,192,202,191,170,162,157,142,122,122,125,124,123,124
82,95,120,138,134,112,105,105,112,128,144,170,180,168,148,147,154,142,114,111,117,121,122,121
84,98,116,122,112,94,81,81,92,113,131,162,176,162,136,126,129,123,101,89,95,110,120,119
87,108,127,132,123,113,101,96,102,118,133,166,182,167,138,122,124,126,116,103,99,104,111,113
93,117,142,153,150,142,131,123,122,131,144,178,195,178,148,131,133,140,139,132,123,120,122,123
106,125,153,172,174,166,156,147,142,144,157,191,206,188,159,147,150,157,160,160,154,152,149,144
125,135,158,180,188,184,176,167,159,156,168,197,208,192,169,162,165,172,179,182,181,177,167,158
141,148,165,183,193,193,186,175,166,165,179,202,210,197,175,170,173,181,189,194,196,187,173,164
150,159,172,186,194,193,182,169,162,169,190,213,219,202,174,155,156,169,186,194,196,188,176,169
149,156,168,180,186,181,166,155,156,171,197,221,226,207,173,143,135,150,175,187,187,182,174,168
141,144,155,166,169,158,147,142,147,163,190,213,217,199,164,138,124,135,163,178,180,177,170,160
134,139,148,153,149,136,131,129,126,129,155,180,184,160,125,116,118,130,150,170,179,179,167,152
128,135,140,134,119,104,103,97,84,76,93,114,114,92,68,73,92,109,123,143,162,168,159,144
121,130,130,113,85,69,65,58,49,44,51,59,58,48,37,43,58,72,84,104,133,151,148,133
113,123,117,91,58,43,37,34,33,34,37,38,38,36,33,33,37,43,52,69,102,130,136,123
103,114,104,74,42,31,30,32,35,40,45,50,54,54,47,41,37,37,42,51,76,108,122,112
95,106,98,69,41,33,35,39,45,54,69,86,95,92,79,62,52,50,52,53,68,98,114,103
86,99,102,89,69,60,64,69,74,86,107,130,139,130,115,98,90,91,93,90,95,111,115,101
82,94,105,107,103,101,103,106,111,122,138,155,160,153,147,138,134,133,133,127,122,124,117,98
77,83,95,106,114,121,124,127,133,144,154,161,164,163,165,164,161,158,152,142,132,127,112,88
68,70,78,90,100,109,118,125,132,145,156,163,165,165,168,168,166,160,150,137,129,122,103,75
