137,158,189,216,235,239,238,235,232,230,232,234,235,236,238,236,237,239,240,243,240,234,224,215
149,165,193,222,239,239,236,230,223,216,218,223,226,227,230,228,233,238,240,242,240,236,226,214
154,168,186,198,202,196,188,180,173,168,177,188,194,195,195,190,194,202,209,215,219,222,217,206
147,165,163,142,122,112,102,95,94,96,119,146,161,160,150,133,122,123,133,143,152,164,174,177
138,158,136,84,48,39,32,26,24,31,63,118,153,149,121,80,48,33,37,50,60,77,104,130
131,154,132,86,70,71,57,34,18,18,30,106,166,162,106,52,25,21,26,40,58,76,96,113
133,147,119,78,71,53,33,17,9,9,15,114,195,184,97,36,12,10,14,30,60,88,107,114
138,145,121,87,71,42,26,25,29,30,44,146,221,200,107,45,23,21,22,27,51,86,113,123
149,156,146,118,85,53,44,53,68,78,105,189,237,207,135,87,63,52,47,40,51,86,123,140
171,185,184,158,115,72,58,67,94,130,164,221,244,215,167,149,123,95,75,70,85,121,157,174
200,216,220,201,168,130,122,138,160,172,192,230,245,220,182,175,185,180,153,135,144,180,212,218
216,233,239,232,220,203,198,194,188,189,214,239,246,230,203,187,205,221,214,205,209,224,237,237
216,232,239,238,239,231,221,204,193,208,224,234,235,227,212,201,204,216,225,231,236,235,232,231
201,212,216,214,213,202,184,173,184,213,201,196,196,193,188,196,189,183,190,202,213,212,208,205
178,177,174,169,163,149,134,133,147,155,128,120,122,122,118,131,143,146,142,146,159,169,173,172
159,150,138,124,106,80,87,109,113,78,45,51,66,65,47,53,93,126,124,105,99,117,139,146
144,129,105,79,59,46,76,109,105,55,16,16,27,29,22,37,87,128,130,103,68,70,97,116
132,112,81,51,34,39,76,105,102,65,26,11,12,17,25,50,95,130,132,113,67,47,62,89
121,99,71,48,33,37,59,78,81,69,40,23,19,23,32,57,89,110,110,99,69,44,48,74
117,91,73,61,39,23,22,31,41,45,38,35,34,37,48,60,69,70,60,46,36,35,54,80
119,93,74,72,70,43,34,26,22,36,57,69,69,72,90,83,68,48,34,44,48,67,89,99
123,97,75,77,99,95,93,80,59,48,51,63,68,73,89,81,77,76,81,97,96,101,109,110
128,103,77,77,106,130,141,135,114,85,66,67,73,77,89,91,105,124,140,148,134,121,114,114
132,107,80,74,94,123,141,144,138,128,116,109,107,109,119,129,141,151,155,153,139,123,115,114
