117,145,172,187,199,214,227,238,244,246,247,246,244,242,236,231,223,216,210,199,192,190,175,151
125,148,173,192,209,221,231,235,235,235,236,240,241,239,234,232,229,226,224,214,207,198,183,167
135,153,180,205,218,221,215,206,198,198,203,218,225,218,211,205,205,210,217,219,218,203,186,176
143,160,187,207,206,196,175,151,137,141,158,193,204,184,164,148,146,157,177,195,206,199,185,176
149,169,185,182,162,144,120,91,74,87,123,178,192,154,111,84,76,90,118,145,169,184,185,179
161,178,168,142,125,109,87,68,58,67,109,176,197,152,85,55,49,60,84,109,128,153,174,181
168,181,163,124,96,72,55,49,50,60,115,194,215,158,79,48,39,42,54,74,103,138,170,186
175,187,169,130,100,84,72,65,65,81,139,213,227,169,99,65,56,61,73,87,107,139,170,187
181,195,187,161,140,133,119,108,109,130,168,221,226,181,142,112,100,107,123,137,145,161,179,187
182,201,211,207,195,172,151,153,171,184,183,216,220,193,190,183,163,150,158,181,199,206,202,193
181,194,207,217,228,228,224,224,220,200,188,209,214,198,204,221,226,224,223,222,216,211,202,191
175,186,203,221,236,244,244,234,215,194,198,222,224,200,189,200,226,245,246,238,222,209,195,182
168,179,197,213,220,222,217,199,185,193,209,229,228,207,187,173,194,220,229,228,219,202,182,169
162,174,185,188,186,180,168,155,155,182,196,204,205,198,186,167,166,178,190,199,202,188,169,159
159,170,167,154,146,137,126,131,140,130,130,138,145,145,143,168,160,144,146,158,169,170,163,154
149,158,147,124,110,101,103,127,147,123,87,73,75,88,116,161,161,135,117,126,141,153,156,148
135,143,133,108,88,85,103,134,152,130,90,61,59,80,114,152,160,138,108,101,124,143,147,140
116,120,115,100,83,87,108,133,145,133,104,76,72,93,115,141,152,140,112,93,114,134,136,126
98,92,89,89,87,93,98,109,120,116,97,80,81,95,104,122,129,123,109,94,104,117,118,108
87,70,62,70,80,76,64,65,77,77,66,64,69,78,84,90,83,74,73,78,83,92,97,93
80,60,45,45,53,54,60,76,86,76,66,61,63,71,80,87,82,70,61,60,62,69,72,69
79,55,35,30,32,39,66,93,105,95,82,74,74,82,96,102,95,82,66,49,45,50,52,48
78,52,31,23,23,34,66,94,105,101,89,81,81,91,108,111,102,88,69,42,32,36,39,35
76,51,30,21,21,33,60,81,89,87,79,72,72,84,103,106,97,81,63,38,27,30,33,28
