59,79,107,132,154,179,196,205,208,208,209,212,214,215,217,217,211,196,172,147,115,81,50,32
63,90,117,137,159,186,206,216,218,219,219,220,220,222,224,222,215,200,175,145,113,82,53,35
72,94,114,128,147,170,189,201,209,219,225,227,226,224,218,203,186,166,143,118,98,77,56,41
79,88,96,103,115,126,145,164,180,197,208,210,207,198,178,153,130,116,108,93,87,79,67,56
80,79,79,82,87,88,115,142,157,161,163,161,155,141,114,94,86,100,118,102,97,96,89,78
85,83,95,115,128,131,174,204,190,145,122,124,126,114,94,88,94,125,159,133,107,99,99,95
93,93,99,109,120,129,156,171,157,123,97,99,100,92,92,92,95,111,128,114,102,104,110,107
103,98,93,92,95,99,124,133,123,110,99,127,130,101,97,98,98,95,91,98,96,104,115,117
112,101,90,85,86,82,114,128,118,112,119,180,188,132,106,107,108,98,87,105,99,104,118,125
119,111,101,98,104,105,124,136,133,123,140,199,210,159,120,122,122,117,114,121,116,122,131,132
127,132,128,123,126,130,142,157,156,133,161,210,221,183,139,151,153,146,142,142,143,151,152,142
138,156,171,178,183,187,192,186,162,137,180,219,227,201,159,170,186,190,186,187,191,193,180,159
147,164,192,215,223,225,218,190,154,149,198,227,231,215,182,173,193,214,217,219,222,213,191,168
155,159,184,212,221,221,204,172,151,169,210,229,230,222,203,175,183,205,218,220,219,204,185,174
164,164,176,193,199,199,183,168,167,181,203,217,218,211,205,199,190,189,199,202,197,192,191,191
171,171,184,201,207,205,181,153,134,131,139,162,168,155,149,162,180,192,197,205,208,209,207,202
169,169,184,202,207,195,173,139,105,86,83,100,107,98,94,112,142,159,162,181,198,205,202,195
164,165,179,195,194,167,140,110,82,67,65,81,89,80,72,81,97,104,105,129,164,183,185,182
161,163,176,186,174,129,93,73,67,72,85,113,124,109,90,81,71,61,59,79,132,165,174,172
157,164,179,181,149,85,65,68,78,90,115,144,160,155,133,104,78,62,60,77,141,174,175,169
151,158,174,172,129,70,55,62,82,118,160,188,199,193,166,123,90,81,93,111,163,182,173,164
142,146,162,165,132,89,78,84,104,145,186,207,212,205,178,138,120,124,138,151,178,178,163,155
133,134,148,158,145,120,114,118,132,160,187,199,202,196,175,151,150,160,168,174,178,167,152,147
126,128,139,150,150,139,139,141,146,159,175,184,187,184,171,161,164,170,173,175,169,157,147,145
