53,76,104,125,141,166,177,185,193,197,203,210,215,217,218,214,203,183,155,126,95,64,40,29
62,89,118,140,161,187,200,207,212,213,216,218,221,223,222,215,201,178,148,118,92,64,43,34
77,101,124,143,165,186,200,208,215,221,225,226,224,218,204,185,163,140,118,99,87,69,54,50
87,98,110,122,136,149,165,179,192,205,209,209,201,184,157,132,114,106,103,91,89,81,72,67
84,84,86,90,95,103,129,151,162,167,164,161,150,127,102,88,94,115,130,108,101,98,89,76
77,79,90,103,112,126,171,192,173,138,124,126,122,104,91,90,104,129,146,119,104,103,98,85
85,89,100,113,123,136,167,175,151,116,97,100,99,91,92,93,97,106,112,103,98,105,109,103
97,96,98,101,105,115,137,141,124,107,102,127,127,100,98,99,97,92,90,98,97,106,117,116
107,97,89,85,85,90,116,125,115,110,127,182,182,126,107,110,109,102,98,110,106,113,123,122
112,102,93,93,97,101,123,135,129,121,147,202,205,153,121,126,126,122,122,126,127,135,138,129
120,118,112,109,115,120,135,150,150,131,164,211,219,180,142,156,162,159,159,162,168,173,166,147
133,144,152,156,163,170,180,180,161,136,180,219,226,200,162,169,188,199,198,201,206,204,186,162
144,160,182,199,207,212,212,190,157,146,195,225,231,215,185,173,190,211,217,220,221,209,189,172
151,161,186,211,222,222,210,178,152,164,205,227,230,221,204,181,181,197,212,215,212,198,185,182
157,158,175,198,207,206,190,172,164,178,200,215,216,208,199,194,190,190,196,200,198,200,201,199
157,164,178,193,202,202,186,162,143,138,142,160,165,153,141,148,166,180,185,197,205,208,206,200
150,162,180,196,204,199,180,151,118,95,86,97,104,99,89,99,122,138,142,156,178,191,192,188
140,156,177,194,200,185,159,126,93,70,64,75,86,85,74,76,86,90,88,100,137,166,177,177
132,151,172,185,186,157,121,90,73,69,78,101,119,118,99,87,77,65,58,67,114,156,174,173
127,151,173,182,171,122,83,68,73,83,102,130,154,162,147,121,92,71,66,79,127,166,179,171
119,145,169,177,158,96,66,60,71,98,137,173,195,197,180,144,109,93,101,116,152,176,177,165
109,134,159,168,154,98,76,74,87,120,164,196,210,208,192,158,133,130,144,154,172,176,166,153
100,123,146,158,154,118,104,103,114,140,172,192,200,197,184,159,147,151,160,161,162,154,139,127
95,116,138,150,154,136,128,128,135,148,166,179,184,181,171,153,144,144,144,139,131,121,109,97
