72,79,99,123,144,167,189,204,210,210,209,210,209,207,205,203,196,186,173,147,121,88,59,45
75,88,106,125,145,170,193,209,216,218,219,219,218,218,219,217,213,203,184,157,129,96,66,50
71,88,101,110,125,144,165,183,197,210,220,225,226,225,221,213,201,186,166,142,117,93,69,54
69,82,87,89,99,108,124,146,168,184,199,206,208,204,191,172,153,138,126,111,97,85,71,59
75,79,83,88,97,98,115,143,162,159,159,158,158,153,132,111,98,97,103,99,92,87,81,72
77,84,94,107,123,130,157,188,193,156,125,121,126,120,101,90,89,109,137,134,109,98,96,91
89,94,96,97,105,113,136,156,156,129,102,97,98,96,91,90,92,108,130,128,109,103,104,102
99,99,93,86,89,89,112,126,123,111,101,121,127,108,95,96,97,98,101,106,100,102,108,110
107,104,96,89,92,88,111,127,123,114,117,169,185,142,107,104,105,96,86,97,96,102,112,119
117,119,114,107,110,112,125,137,137,126,137,193,209,165,120,119,119,112,106,115,109,111,120,126
129,144,151,149,149,151,158,166,159,135,159,207,220,184,138,144,143,135,130,131,129,134,138,135
139,159,182,195,198,200,200,187,160,138,180,218,227,200,158,167,179,179,173,172,173,175,167,150
147,161,189,214,222,222,213,184,153,152,200,227,230,212,179,173,193,209,208,208,210,205,185,161
155,159,181,205,214,213,194,168,155,174,211,228,229,219,197,174,186,209,218,220,220,208,185,163
160,168,183,196,200,199,179,164,164,177,200,215,218,211,204,193,187,193,206,210,206,195,180,168
160,171,188,202,206,197,172,144,126,124,138,162,168,158,158,172,185,194,199,202,201,202,194,179
159,168,185,200,199,181,156,123,93,81,83,100,107,101,104,128,155,170,177,194,204,207,196,175
156,165,182,190,178,147,121,95,75,66,68,83,87,77,74,90,109,121,131,162,187,196,183,161
150,165,181,178,149,103,77,69,70,78,95,118,119,98,82,77,73,70,78,113,154,174,167,147
146,164,179,163,114,72,63,70,84,103,128,152,157,141,115,90,71,59,63,100,150,173,162,137
135,154,170,153,101,70,61,72,101,140,174,194,196,178,143,104,81,75,86,122,165,178,158,130
125,142,160,153,116,96,89,99,127,167,196,210,209,191,156,122,112,115,127,154,177,176,150,121
113,123,138,143,129,119,119,126,143,171,190,200,199,186,159,142,145,154,160,174,177,166,137,107
99,102,111,120,122,119,125,131,140,158,174,184,186,177,162,157,162,168,171,175,169,156,127,94
