176,188,205,218,226,228,229,228,226,223,224,224,225,224,222,219,216,213,211,208,204,197,187,177
172,185,201,213,219,220,218,215,213,212,214,217,218,218,216,212,208,206,203,198,194,189,181,173
160,167,174,176,173,170,168,170,176,186,191,200,207,208,203,193,183,175,171,164,160,160,159,155
142,142,139,131,121,113,112,118,132,153,166,181,194,197,186,168,150,137,128,120,118,125,131,130
121,121,116,108,101,93,87,88,100,125,150,168,183,187,167,146,126,108,94,87,89,103,113,110
106,102,96,91,85,74,71,76,91,113,139,162,178,180,157,127,96,76,72,77,81,94,103,101
101,91,82,79,75,65,68,78,92,110,133,156,172,173,151,117,84,61,55,62,71,84,91,87
114,108,99,93,91,81,82,89,99,116,133,154,172,174,147,116,87,68,62,69,74,79,81,79
134,142,136,125,121,112,107,106,113,128,140,159,181,184,149,121,101,89,87,96,96,92,88,86
147,161,163,154,145,137,131,129,133,145,151,172,198,202,162,133,118,113,115,124,127,126,118,107
158,174,186,187,182,174,169,165,164,167,171,188,208,209,176,152,145,147,152,158,160,157,143,122
165,180,198,207,206,201,197,191,183,176,183,197,213,214,187,164,163,172,180,185,187,179,159,135
169,182,199,209,209,207,204,197,187,178,188,202,215,218,194,169,164,176,192,200,199,188,167,149
173,184,195,199,199,195,190,185,180,180,191,205,218,221,202,174,156,159,178,192,193,184,171,160
177,187,194,193,189,178,165,162,171,183,189,203,217,221,207,184,153,133,134,156,170,175,171,161
172,182,187,184,173,157,154,159,167,173,176,187,203,210,198,180,162,139,122,132,158,174,169,153
160,167,167,158,149,148,157,166,168,162,159,160,171,183,178,172,167,153,131,118,137,156,154,136
144,149,143,134,135,148,163,171,171,162,154,146,150,162,166,169,168,160,142,119,128,141,135,113
132,136,129,122,131,143,157,165,169,167,161,153,152,160,168,167,159,149,141,134,140,140,121,90
125,134,130,118,113,115,131,146,155,161,164,164,164,165,165,149,128,121,132,145,155,142,104,66
121,139,145,137,128,115,122,142,163,178,181,180,181,183,178,154,128,126,146,160,161,129,78,39
114,144,162,162,156,144,140,149,167,185,200,202,202,199,182,152,137,141,157,163,149,101,47,21
118,148,171,178,176,170,163,162,168,182,202,207,206,199,175,150,146,153,159,156,126,71,24,12
133,150,170,179,177,172,171,171,173,177,188,191,189,183,167,154,151,155,158,147,107,55,18,10
