144,183,207,215,227,231,235,238,240,241,245,246,244,239,236,232,224,210,195,187,154,104,68,63
158,206,232,232,235,237,238,240,243,243,245,245,240,230,217,202,185,166,151,149,139,106,78,76
168,212,228,214,204,195,189,193,205,219,233,235,219,190,159,136,120,110,107,112,114,101,89,89
159,182,183,163,145,128,117,122,144,175,212,222,194,142,101,82,81,92,104,106,99,96,95,95
132,133,129,120,114,106,94,89,102,137,198,220,183,118,85,80,99,126,141,126,106,98,98,96
118,125,126,137,172,181,150,115,108,140,203,230,193,122,84,85,109,128,131,125,108,101,99,95
115,117,130,151,168,156,129,109,113,150,206,236,205,135,93,86,84,76,68,82,87,96,103,104
125,120,121,123,111,88,89,104,132,178,214,238,216,159,123,110,92,71,59,73,86,107,125,128
151,141,119,93,75,64,91,129,170,211,224,237,222,184,162,154,139,121,110,111,116,140,161,163
188,182,157,131,129,136,155,185,213,225,227,235,224,196,185,192,185,170,160,159,163,181,195,194
217,224,218,205,202,203,212,225,232,229,228,234,225,203,191,206,218,221,219,218,218,219,217,209
227,239,243,239,238,237,239,239,231,217,217,230,223,193,174,188,214,232,237,237,237,234,225,214
228,241,247,246,247,246,238,227,216,211,213,227,217,182,161,168,179,195,215,228,234,234,227,215
223,238,246,246,243,234,210,191,189,197,195,200,188,158,140,145,136,141,170,198,212,218,214,203
206,230,243,240,228,197,156,145,153,140,120,119,111,91,79,96,112,120,127,144,163,174,173,166
181,216,232,216,179,130,123,134,126,81,65,68,70,62,58,72,102,121,116,104,112,121,124,124
151,186,196,167,121,88,117,142,126,78,62,58,57,58,65,77,104,120,112,88,84,90,97,101
121,148,148,116,80,82,131,162,152,117,96,80,72,74,84,94,111,121,114,92,81,84,91,95
98,115,112,88,71,97,140,166,163,143,122,106,96,93,94,98,105,110,107,95,95,98,98,95
90,105,108,97,87,105,115,108,95,94,96,100,99,91,85,72,61,54,55,76,111,122,111,100
90,108,133,143,130,114,88,64,64,98,137,166,172,155,129,89,64,55,68,116,154,144,114,100
84,106,142,173,184,170,144,111,92,107,133,148,147,133,119,94,82,91,121,161,171,141,106,95
73,97,133,173,211,219,212,181,142,123,125,121,109,98,96,92,96,119,154,172,156,123,97,93
66,90,121,157,198,219,222,201,169,148,155,154,141,124,109,99,100,118,144,152,133,108,94,96
