159,177,196,209,217,219,221,223,227,231,235,237,239,240,239,238,238,236,228,216,199,171,132,101
146,175,196,202,201,195,193,196,203,212,219,224,228,229,226,223,222,221,216,209,198,173,134,100
140,170,180,167,153,138,128,125,131,152,176,196,205,200,185,173,166,163,162,168,171,164,137,102
135,144,131,103,82,66,55,48,52,78,116,151,166,154,123,100,87,80,82,96,112,131,129,103
119,94,62,36,22,14,9,10,15,28,62,106,128,110,68,37,20,14,16,24,42,78,102,98
107,78,48,33,31,19,11,8,11,19,53,119,149,116,53,24,9,5,9,16,26,46,71,88
112,85,51,32,29,15,13,12,11,22,71,157,197,152,59,21,6,3,6,19,33,52,76,96
131,116,83,54,46,37,32,24,22,48,115,196,231,187,83,30,13,11,14,31,36,56,87,111
154,157,132,95,75,66,54,46,57,102,167,223,243,210,124,59,31,26,31,47,42,62,100,126
170,184,174,138,99,75,69,82,116,167,199,232,245,224,174,109,61,44,52,63,73,98,126,142
183,207,220,212,192,179,172,172,177,187,206,235,247,228,189,157,128,104,93,99,119,140,154,157
193,220,240,244,237,230,220,206,195,194,217,240,249,235,199,176,172,171,166,167,174,179,177,171
199,219,232,234,231,226,218,206,197,201,220,240,247,235,203,177,181,198,207,209,209,204,193,183
195,200,199,196,196,194,193,195,202,213,215,228,234,223,201,178,166,171,189,201,206,204,197,189
175,160,146,144,153,156,159,175,202,219,206,203,202,198,192,186,147,123,136,156,166,173,178,179
148,121,103,106,117,115,136,158,171,176,165,155,147,146,156,161,139,105,86,100,112,129,148,159
130,105,99,105,98,107,139,152,136,106,96,99,102,104,110,121,127,109,75,75,82,105,133,150
125,108,110,117,110,131,154,153,120,67,47,51,60,64,70,93,121,123,95,79,76,99,133,156
132,118,114,121,131,149,157,152,127,79,44,30,28,34,52,93,127,134,116,98,85,104,144,176
144,122,118,119,101,105,129,143,133,105,71,48,38,44,68,106,130,126,109,111,101,116,160,206
156,125,117,123,105,81,74,74,72,64,49,41,40,44,54,62,66,65,70,100,109,138,189,234
164,123,108,118,120,116,103,89,82,81,63,45,42,52,62,68,77,84,90,105,115,160,217,248
155,117,98,108,125,151,151,137,127,127,105,79,71,83,97,108,125,132,124,115,124,177,232,250
133,110,96,100,117,144,149,143,140,142,136,123,119,125,130,133,141,139,124,113,131,184,233,248
