76,97,124,139,141,174,185,190,198,207,218,229,234,235,235,233,231,227,223,217,209,193,151,96
104,130,152,163,172,194,206,212,217,221,226,231,234,235,234,231,226,220,214,209,202,192,158,111
126,140,148,149,155,167,181,195,207,216,222,225,224,220,209,199,189,180,173,169,168,168,154,129
125,121,114,107,103,109,122,140,162,184,199,204,199,185,161,143,130,123,119,120,124,133,133,122
109,100,89,80,71,70,77,90,111,140,166,175,166,142,112,92,82,80,84,95,103,110,106,91
105,100,90,79,71,67,72,80,93,116,146,160,151,127,102,88,78,72,75,89,101,113,114,102
109,102,92,85,81,78,85,89,93,110,149,173,164,134,109,98,88,81,81,92,102,118,124,114
119,114,108,103,102,102,109,111,108,118,162,193,185,151,130,119,113,110,112,118,125,139,144,135
135,135,133,131,130,134,139,138,131,134,177,208,201,169,158,152,149,151,156,160,164,173,174,163
154,156,157,157,158,164,168,164,154,151,189,215,208,184,183,187,187,186,187,191,196,202,198,185
163,169,177,184,191,194,194,184,167,158,195,217,210,191,196,210,216,217,218,220,221,218,209,197
163,173,188,202,209,211,207,190,168,159,199,219,210,191,196,215,224,227,230,232,230,224,213,202
155,168,188,204,211,211,204,183,161,163,201,220,212,193,192,207,215,218,222,226,225,220,209,198
142,156,176,192,199,197,187,167,154,168,203,221,215,196,189,194,197,196,198,204,207,205,197,186
126,141,159,172,176,171,159,147,148,168,200,217,211,193,187,185,180,172,166,167,173,179,176,168
117,126,140,148,147,141,132,123,123,141,175,192,184,165,159,161,166,163,149,138,137,143,148,148
105,114,125,129,125,125,125,116,106,108,129,141,138,131,136,149,162,164,151,136,132,133,135,137
98,107,118,122,117,118,125,123,111,100,103,108,116,125,139,155,165,164,153,141,140,139,137,133
100,107,117,123,121,115,118,123,124,115,111,117,130,145,158,164,161,152,140,136,144,148,142,132
104,110,118,127,134,115,98,98,108,116,125,136,145,148,148,143,133,122,118,130,146,149,138,126
99,116,118,122,142,135,114,99,102,121,137,148,154,154,146,138,127,124,135,150,155,144,127,115
98,124,120,111,134,144,131,113,110,129,151,163,169,168,156,146,141,147,161,169,158,136,115,105
94,123,118,101,117,137,136,124,119,133,154,168,174,173,163,150,146,152,161,157,136,113,95,84
84,111,111,97,106,126,132,125,119,128,145,158,164,165,159,143,132,131,133,122,100,83,70,58
