94,105,114,111,100,109,133,163,193,217,233,235,235,235,227,211,189,170,156,140,134,130,118,99
100,95,82,70,66,66,80,102,131,171,216,230,231,229,214,184,148,114,90,84,80,86,92,91
106,86,74,79,88,87,82,76,84,121,187,214,217,208,188,143,99,72,65,72,67,63,66,73
113,92,96,116,121,122,106,88,82,102,157,196,204,186,154,111,80,73,86,100,98,84,69,61
124,118,120,118,101,94,85,97,117,120,140,187,206,175,126,109,107,102,96,111,121,119,99,71
139,142,120,99,107,108,90,126,176,155,140,177,198,170,127,146,162,126,69,94,86,98,109,99
150,156,141,120,120,133,140,167,191,168,141,171,190,164,128,164,181,153,112,127,94,89,110,126
157,164,164,156,154,167,181,189,182,159,143,171,187,162,125,155,173,169,157,156,123,112,128,149
156,167,176,182,187,192,194,189,172,146,144,171,183,160,123,140,164,177,177,167,153,150,154,160
148,164,178,185,189,191,193,188,171,146,141,163,172,151,122,140,172,189,185,180,173,166,159,153
139,162,180,188,192,194,198,192,170,137,137,156,166,151,117,139,177,197,193,191,184,174,157,139
129,157,181,191,198,204,207,201,176,136,147,179,197,179,130,142,182,207,202,199,191,177,156,136
117,150,179,193,202,210,215,208,183,144,149,182,202,183,139,143,187,216,209,202,193,176,154,137
104,140,174,193,203,211,218,211,186,152,144,161,170,156,135,144,191,222,213,204,192,172,149,131
95,130,167,190,202,211,215,206,180,149,155,159,153,142,136,152,192,218,214,205,189,166,139,118
94,126,160,184,199,203,195,181,166,154,149,164,175,163,138,154,176,196,206,199,183,160,131,106
89,121,154,177,190,184,170,161,158,154,156,169,182,176,145,149,157,166,177,184,174,155,125,97
83,114,146,167,177,165,161,162,161,155,162,169,175,170,148,145,152,157,158,163,161,148,120,91
76,108,137,155,164,157,165,166,156,149,148,154,154,146,137,136,150,163,163,148,147,138,113,87
67,101,128,142,158,166,155,131,113,113,117,119,119,117,112,106,110,139,172,153,141,130,108,81
67,93,118,135,151,171,169,147,126,129,150,165,168,158,133,117,124,153,179,160,134,119,98,67
78,85,104,125,139,159,171,164,149,148,156,161,163,159,146,139,147,160,166,152,124,107,82,47
88,88,97,112,128,144,160,167,167,166,159,150,148,153,160,160,159,155,147,137,112,91,63,32
91,100,99,102,126,140,149,161,175,182,184,176,172,177,182,173,160,148,138,127,103,76,49,29
