72,63,64,71,68,65,62,70,103,163,197,205,206,198,163,122,87,66,61,60,58,56,60,70
74,87,106,123,135,134,111,88,93,139,182,199,197,179,141,101,84,89,104,111,103,91,75,61
97,112,123,129,140,148,129,108,101,118,165,199,195,158,119,97,95,115,142,149,138,124,102,79
129,123,104,92,102,107,119,127,123,116,154,197,192,144,117,113,117,123,128,133,127,124,119,112
151,126,88,76,101,89,124,148,141,127,148,186,179,138,134,134,135,114,81,85,81,91,114,133
159,148,130,124,137,144,153,159,150,126,149,181,173,136,128,153,151,140,134,115,81,79,108,138
165,164,165,167,170,169,165,156,142,128,155,180,171,138,124,145,153,156,161,153,130,121,133,152
163,169,177,181,178,172,169,156,138,130,156,174,164,136,125,143,160,168,167,169,164,156,152,156
159,169,176,177,175,176,176,161,138,128,150,166,156,130,124,150,175,181,172,171,172,166,157,150
158,170,180,185,192,197,190,164,134,127,147,168,159,128,116,150,185,198,190,184,181,172,159,149
154,170,186,197,205,206,200,167,132,140,169,197,188,145,119,150,191,211,206,195,189,175,157,146
149,170,189,200,210,214,205,173,141,148,178,202,189,150,132,147,190,218,216,203,194,176,155,142
143,168,190,201,211,215,203,170,140,142,157,167,157,136,132,144,186,217,216,209,198,175,151,136
136,163,188,201,207,205,188,159,134,131,132,133,130,125,124,144,181,206,209,209,197,173,146,129
131,155,182,196,195,181,162,153,145,131,155,168,162,146,136,151,170,185,195,198,190,169,143,127
125,149,175,185,176,157,150,147,143,141,164,174,172,159,137,142,151,162,173,183,178,160,140,128
121,142,166,173,161,157,153,152,154,160,171,176,174,162,144,142,149,161,169,167,162,153,138,123
116,133,155,164,156,157,146,140,144,151,154,156,151,142,135,132,136,153,170,162,154,148,136,119
109,122,145,162,164,151,126,112,113,120,126,126,122,116,111,108,111,134,168,169,157,145,131,116
100,113,137,162,175,163,127,108,114,126,142,147,145,136,118,107,117,146,176,177,154,135,122,111
85,105,126,146,170,173,149,130,129,141,164,174,168,150,131,128,142,161,173,169,143,126,115,102
75,97,115,132,155,167,161,152,148,150,156,156,155,154,151,152,159,164,162,155,130,116,104,86
78,88,104,123,141,151,160,165,167,165,155,147,152,166,172,168,164,159,151,143,119,105,88,66
90,82,94,118,132,139,155,170,181,187,183,178,180,186,184,173,163,154,146,136,114,96,74,51
