140,174,195,198,203,206,210,215,221,225,228,231,233,231,226,219,212,208,209,212,217,218,192,147
170,208,228,227,226,224,224,225,226,226,224,225,225,222,217,208,197,190,190,194,204,213,197,162
192,225,239,231,223,219,218,217,215,211,206,205,204,198,182,158,136,123,123,133,153,171,167,146
184,209,209,188,173,169,172,179,184,183,179,179,174,157,128,93,68,55,55,68,90,109,113,105
154,173,159,121,97,92,103,123,143,155,162,161,144,112,75,52,41,36,36,41,50,62,69,70
132,148,133,97,72,65,73,88,111,143,171,172,139,88,52,39,35,29,21,22,29,38,46,54
114,112,92,62,42,39,50,66,93,141,195,208,165,97,59,51,54,52,41,46,65,76,80,81
120,107,91,71,50,51,67,87,115,162,217,234,199,138,103,99,105,106,102,110,126,136,136,131
152,145,141,129,106,106,121,140,164,195,231,243,222,183,160,158,162,164,166,171,175,181,182,177
195,202,201,190,177,172,176,187,203,219,237,243,230,206,194,190,190,189,188,189,192,199,202,199
215,220,218,210,203,201,205,213,220,228,239,243,233,215,207,201,199,201,203,205,206,208,207,203
221,228,228,221,219,218,221,224,228,235,241,244,236,221,210,202,195,197,208,214,214,211,206,200
219,230,234,230,229,229,228,226,228,235,242,245,238,223,211,200,189,191,207,214,214,209,201,195
210,226,235,234,233,232,228,223,224,231,238,240,232,216,206,196,186,187,201,208,208,202,193,187
198,219,230,230,229,227,221,217,220,223,224,220,207,190,181,180,177,181,193,199,198,191,180,173
181,207,221,219,219,217,215,212,200,177,170,162,140,110,98,117,154,183,191,190,188,179,167,158
166,194,209,208,208,209,215,216,197,154,125,104,82,61,62,99,152,189,196,191,183,172,157,145
153,183,200,201,202,207,217,221,207,169,131,95,73,70,88,123,164,192,198,191,183,169,151,138
145,176,195,196,201,209,217,220,215,201,178,139,114,118,137,154,172,184,185,183,182,168,147,134
140,173,192,194,200,206,209,211,211,205,193,174,158,150,148,154,160,158,152,164,176,164,143,133
138,173,192,192,198,199,184,175,172,161,148,137,125,111,98,94,94,98,112,149,168,159,141,136
135,172,192,192,197,195,179,163,150,132,120,108,97,90,86,83,88,105,133,160,163,149,136,134
130,167,189,192,195,195,189,178,161,144,135,123,115,112,112,110,117,138,161,166,150,131,121,119
125,159,184,190,193,196,197,196,188,177,171,165,158,149,137,128,130,141,151,148,129,112,103,99
