112,139,183,218,228,230,234,238,240,243,244,243,243,244,240,232,222,205,186,175,176,161,137,122
112,138,186,224,228,223,225,230,232,233,234,226,225,230,225,217,209,194,179,179,185,167,139,122
115,134,167,187,181,172,173,177,184,193,201,185,178,185,179,172,164,157,156,168,173,160,137,121
110,122,140,146,132,132,123,115,118,136,157,145,136,137,125,117,110,114,130,140,142,136,126,115
93,98,132,156,139,155,128,91,74,91,121,141,139,118,94,85,79,95,122,113,109,113,113,107
80,85,127,166,162,160,136,94,64,80,120,173,174,122,84,84,77,106,151,111,105,125,133,116
71,84,105,117,111,100,94,77,63,79,106,164,167,109,76,65,63,84,114,100,96,106,113,109
71,96,102,91,82,73,74,74,77,94,99,148,148,97,84,71,67,69,73,76,73,78,90,100
79,113,130,118,98,91,91,95,104,115,115,160,152,97,100,99,89,76,65,62,59,68,85,99
92,131,166,160,118,104,110,121,127,125,148,207,190,111,104,114,110,97,86,84,85,91,100,106
119,156,176,165,144,135,131,128,122,123,180,222,188,112,95,108,118,120,116,113,115,124,129,126
131,150,153,141,136,131,125,115,110,132,204,235,196,122,88,97,110,118,120,122,127,135,136,130
141,150,141,123,119,117,109,102,112,157,213,230,193,131,96,90,100,108,110,115,121,127,131,132
145,155,143,122,114,106,91,92,119,164,187,189,160,123,111,86,88,100,104,108,112,120,129,135
128,122,121,122,114,88,62,71,99,103,116,113,97,90,103,69,64,84,105,110,120,132,134,123
104,96,83,70,58,45,45,54,56,43,56,60,48,38,50,46,45,51,62,74,82,91,97,95
88,84,68,46,31,30,38,44,39,27,31,32,26,20,26,39,42,39,38,47,57,68,75,78
78,82,68,45,29,30,35,38,36,28,23,21,20,20,24,37,42,37,31,35,47,57,61,63
65,76,68,47,31,26,30,34,32,25,20,18,19,20,22,32,37,33,27,31,41,46,47,46
45,58,60,46,28,20,17,24,34,35,34,33,28,23,22,26,30,27,23,25,38,42,38,32
29,37,47,44,28,26,20,28,51,75,79,77,68,54,38,27,18,15,19,22,35,34,25,20
18,23,34,39,32,43,52,51,51,72,83,84,75,56,35,26,26,28,28,25,31,25,14,10
13,16,26,34,38,57,83,80,60,61,71,71,61,45,32,37,49,51,41,31,28,17,7,3
13,15,23,32,41,62,88,98,88,74,74,67,56,45,45,60,66,60,46,34,24,14,5,1
