29,38,50,49,36,56,65,78,98,112,118,122,120,109,94,76,63,56,55,56,61,69,66,51
34,36,37,36,33,43,53,68,86,101,108,111,109,99,86,75,71,73,78,81,82,86,81,67
42,38,37,41,48,51,55,63,73,86,97,102,101,93,83,78,82,90,98,101,100,101,98,90
48,46,51,63,72,73,70,67,68,77,92,103,104,95,85,81,82,86,89,90,90,92,94,91
49,55,65,75,81,80,76,71,68,75,93,112,114,101,87,78,69,61,55,55,59,67,69,63
50,53,55,55,54,51,52,59,68,75,94,116,122,109,95,79,67,59,57,63,72,80,79,70
52,49,48,49,51,50,54,64,74,80,96,115,122,115,106,92,80,73,74,81,89,96,95,84
61,56,55,59,63,66,70,77,82,84,99,114,120,117,115,110,102,96,96,101,107,116,117,108
76,73,74,78,81,85,89,89,87,87,102,115,120,117,117,123,122,118,114,117,122,133,138,132
93,92,95,99,102,104,103,95,86,87,104,119,125,121,116,123,128,129,125,125,130,141,146,143
100,104,110,115,117,115,109,94,81,87,108,125,131,126,114,116,123,128,129,130,136,144,148,145
104,110,117,123,124,121,110,90,78,93,118,135,139,131,118,111,113,119,124,130,140,148,150,147
104,110,119,125,126,120,105,86,77,91,114,127,128,123,117,107,106,110,115,122,134,143,144,142
98,107,118,124,123,113,94,77,70,75,88,94,93,93,99,97,101,105,106,107,119,128,131,129
89,101,112,117,113,99,79,61,51,48,55,58,58,58,65,77,95,107,106,99,104,111,115,115
80,91,102,106,101,89,71,54,43,42,48,57,68,77,79,89,104,114,115,108,101,100,103,104
67,80,91,93,89,83,73,63,58,62,69,82,96,105,106,109,113,116,115,110,104,101,100,100
58,71,82,84,80,79,76,73,75,79,88,98,106,110,110,108,106,104,101,99,103,104,102,101
56,66,77,80,76,74,71,70,72,73,79,84,85,85,84,83,81,78,76,80,95,104,105,103
53,63,76,81,77,67,57,50,48,46,50,55,60,62,64,62,56,49,50,68,91,104,106,103
49,60,75,84,83,69,48,36,43,61,78,91,103,110,105,90,71,61,68,89,102,105,102,99
66,63,73,86,87,78,54,40,47,73,97,114,126,131,122,103,88,86,97,110,111,106,98,92
76,64,70,85,88,85,67,53,55,74,94,109,119,122,116,106,100,102,110,117,106,102,98,89
64,57,66,83,87,85,74,64,61,71,84,96,106,112,113,112,106,102,104,114,91,93,100,90
