176,181,186,189,190,194,199,205,210,211,209,205,203,206,209,213,216,218,219,222,221,216,207,198
180,183,186,188,189,191,195,199,204,207,205,201,199,200,203,205,208,209,211,215,218,215,207,201
182,180,176,173,175,176,181,187,193,197,197,194,193,193,194,191,183,175,172,179,193,202,203,201
172,157,136,122,124,127,136,147,159,169,177,181,180,175,165,149,128,112,109,121,151,177,191,195
147,107,65,42,41,46,57,72,90,112,139,158,159,140,108,76,52,43,49,70,108,147,175,185
117,64,25,15,15,14,15,20,29,45,85,131,142,112,70,42,31,29,38,62,86,121,158,180
110,62,34,29,22,19,17,15,15,28,78,136,161,145,111,77,65,65,73,104,124,146,170,185
130,101,87,85,73,67,62,54,50,63,111,161,187,183,164,138,128,126,132,154,170,183,193,199
162,153,149,147,136,130,124,116,113,124,155,186,203,202,194,186,180,178,179,188,198,207,213,214
184,180,177,173,166,164,166,168,169,171,180,196,209,212,205,201,196,192,192,200,210,219,223,222
190,187,184,182,180,180,182,184,184,183,186,197,210,217,210,207,204,202,204,210,217,222,223,222
190,187,187,187,187,188,188,186,183,182,187,198,212,221,213,206,203,204,208,212,217,219,218,217
187,186,187,190,190,190,187,181,175,178,186,199,214,223,214,202,196,198,204,209,213,214,214,212
184,183,185,188,188,187,181,168,162,175,185,197,210,220,214,199,189,189,196,202,207,209,209,208
182,181,183,185,185,183,170,151,146,167,176,184,196,206,206,196,185,181,186,193,199,202,202,201
179,178,178,180,180,176,157,136,125,129,124,137,159,176,183,184,182,179,180,185,191,194,195,195
175,174,174,176,175,169,151,138,130,115,88,83,101,132,163,179,184,179,173,174,183,188,189,190
169,169,170,171,168,154,140,142,148,133,101,80,87,120,163,182,187,178,163,156,170,181,185,187
163,162,164,165,156,126,114,131,157,158,144,128,128,147,175,186,186,173,151,135,157,175,183,185
156,153,157,158,138,88,74,100,136,146,145,145,150,158,169,177,178,164,140,127,152,174,183,184
151,147,151,155,139,83,50,54,79,94,99,106,116,130,148,167,177,173,160,150,163,176,182,184
146,141,144,151,146,104,64,56,76,95,107,117,129,143,159,173,182,184,180,171,171,176,181,182
135,134,136,141,143,119,90,87,106,122,130,137,146,156,170,179,186,189,187,180,174,175,178,180
122,127,129,129,128,113,99,106,124,128,123,121,124,135,155,173,184,188,186,180,175,175,177,178
