61,97,157,206,223,228,232,237,241,244,246,248,249,252,254,254,254,251,248,245,243,236,214,189
81,105,159,207,220,224,230,236,241,243,245,247,249,251,251,251,251,249,247,246,245,240,226,209
101,112,145,171,167,165,173,189,210,231,241,245,247,248,246,246,242,234,224,220,221,226,227,220
110,112,118,120,112,114,119,130,157,198,227,241,245,244,241,235,221,199,176,173,182,197,209,211
114,108,99,98,112,135,130,115,116,152,203,233,243,242,235,221,195,159,131,141,160,178,190,194
122,122,119,119,125,131,128,127,132,146,187,225,243,241,232,220,206,188,173,180,194,205,208,205
143,150,138,122,121,118,109,126,152,159,185,222,245,245,236,223,209,176,132,122,141,161,180,199
167,183,175,157,159,155,146,164,191,193,201,226,245,248,239,232,221,189,142,125,147,166,184,205
185,207,214,210,214,214,212,219,228,224,221,233,245,247,241,239,237,226,206,196,210,218,220,225
195,213,225,227,227,228,230,234,233,228,225,235,245,246,241,241,241,238,233,232,234,236,238,238
195,214,229,235,236,236,237,238,235,228,226,236,245,244,240,241,242,243,242,242,244,245,244,243
189,211,230,238,240,240,241,239,233,225,226,236,245,246,240,240,244,246,245,247,249,250,248,245
178,204,227,238,241,242,241,238,230,220,223,235,244,245,239,238,242,246,246,249,251,251,249,245
162,192,222,236,239,241,240,235,226,213,215,229,240,241,236,235,239,243,247,249,251,250,246,244
142,175,211,231,236,238,236,232,220,201,192,212,230,232,228,232,236,240,243,245,247,246,244,241
122,151,194,225,231,232,232,230,217,187,155,177,207,217,214,227,236,238,239,240,241,242,241,237
104,121,167,210,223,228,229,229,221,200,171,174,194,213,220,231,237,238,237,237,235,235,234,232
90,98,143,194,214,222,220,219,220,218,206,199,206,222,231,235,237,237,234,234,231,229,227,225
80,84,128,183,206,216,199,188,196,212,218,224,229,233,234,232,228,225,226,230,230,227,224,220
72,68,116,180,203,212,173,138,140,177,202,217,224,226,225,220,205,197,207,227,231,230,224,215
64,50,97,170,201,215,200,168,148,165,188,202,209,215,218,214,205,205,217,229,232,231,220,203
55,32,73,149,192,213,218,204,183,179,198,211,218,222,222,220,220,225,230,231,231,229,211,182
36,18,51,122,178,207,220,220,210,196,207,220,227,229,227,228,233,237,236,231,229,223,198,163
12,10,42,103,166,201,217,220,213,200,200,209,217,222,224,229,234,236,234,230,228,217,188,154
