58,100,144,170,181,193,201,211,222,230,238,244,249,252,252,252,250,248,245,243,241,229,189,135
78,124,175,203,210,217,223,230,235,239,243,247,249,250,250,249,248,246,244,241,240,236,202,150
93,134,176,193,188,189,197,210,225,238,243,246,247,246,244,241,231,216,203,200,207,216,199,158
97,121,140,142,132,135,141,156,183,215,234,242,244,242,237,226,203,175,157,161,176,193,185,156
98,104,102,100,107,118,114,113,133,178,217,237,243,239,229,211,183,157,149,166,184,194,183,157
106,107,109,118,136,144,136,130,136,158,202,232,242,239,229,215,196,171,152,157,170,186,188,173
126,128,120,114,119,115,115,129,149,162,196,229,245,243,233,221,204,169,128,126,150,171,182,183
153,161,152,138,140,132,136,159,184,190,206,230,245,245,237,231,220,191,156,153,176,192,198,199
177,193,194,188,196,193,196,210,222,220,221,234,245,245,240,239,237,228,217,216,224,231,227,218
192,211,221,221,223,224,228,231,231,227,226,236,244,245,240,241,240,239,236,236,238,240,237,228
193,213,228,232,233,233,236,237,234,227,226,236,244,244,240,240,242,243,243,244,246,247,243,236
190,212,229,236,238,239,239,238,233,225,226,236,244,245,239,239,242,245,246,249,250,250,246,241
182,206,228,237,240,241,241,237,230,221,223,234,243,244,238,236,240,244,246,249,251,250,246,243
167,195,222,235,239,240,239,235,226,215,215,227,238,240,234,233,236,241,245,247,249,247,245,243
147,176,210,231,236,238,237,233,222,205,195,209,225,230,226,229,234,238,241,243,244,244,243,240
126,152,193,224,231,233,233,231,219,194,161,172,199,215,214,224,234,238,238,238,239,238,237,235
108,121,165,210,223,228,230,229,221,204,175,170,188,209,219,228,236,238,236,235,234,232,230,228
94,93,136,191,213,222,224,222,220,217,205,197,203,218,229,233,235,233,230,232,231,228,226,224
83,74,112,172,202,216,211,201,197,208,216,222,227,231,233,231,227,220,217,226,229,229,225,222
81,60,95,161,197,211,194,162,145,169,196,212,220,224,224,220,208,197,198,221,229,230,226,219
74,45,77,147,191,209,204,176,149,154,180,197,206,212,218,217,211,210,216,227,231,230,223,212
68,33,54,123,179,205,214,204,185,174,187,204,215,220,223,222,223,227,232,233,232,231,219,201
55,24,36,95,160,196,215,220,213,199,199,211,222,225,223,221,223,227,228,220,213,208,193,171
36,19,30,79,143,188,211,219,216,205,197,202,210,212,210,209,209,211,208,192,177,169,154,133
