115,127,139,150,166,181,195,207,215,217,218,216,211,202,191,174,152,128,107,89,71,59,53,52
93,108,117,124,141,156,172,190,203,207,209,209,202,190,174,151,122,96,76,61,48,40,37,39
70,78,81,83,93,103,117,140,164,176,181,181,173,154,129,99,72,54,46,41,36,33,33,33
61,66,69,67,64,63,66,83,108,128,137,138,125,100,74,52,42,43,48,49,46,44,42,39
73,89,99,95,85,69,57,55,66,85,100,99,80,53,38,42,58,73,78,72,60,53,49,46
88,106,112,105,98,80,69,69,79,94,113,108,84,57,47,67,85,85,67,48,42,40,42,46
100,111,106,96,98,73,65,76,96,116,143,143,109,69,60,85,108,106,79,54,49,48,51,57
117,124,114,102,105,87,82,95,116,135,167,169,128,77,71,101,122,119,98,75,69,66,69,77
134,146,141,126,123,118,119,128,139,150,178,178,135,83,81,114,129,126,115,101,94,91,94,99
146,165,166,152,142,139,148,158,162,165,185,180,139,94,94,119,139,143,136,129,127,126,122,116
149,174,186,180,173,172,178,179,176,174,190,179,139,98,99,126,151,163,164,162,156,148,135,123
146,174,194,198,196,198,198,191,181,177,191,177,138,99,96,125,154,173,179,176,166,152,133,117
139,168,193,202,205,207,203,191,179,179,192,178,140,102,92,114,144,167,177,173,161,143,122,105
128,158,183,194,197,197,189,178,173,182,196,181,144,106,90,95,120,147,159,158,145,126,105,90
115,143,168,176,172,167,159,158,166,182,199,181,141,104,88,75,91,117,132,133,123,106,89,77
105,128,148,154,147,136,141,148,155,167,184,166,125,85,70,62,79,99,105,98,100,93,79,70
99,120,138,139,126,104,106,112,113,116,134,123,88,51,42,43,55,64,62,56,71,80,77,69
95,116,135,135,115,75,66,68,66,61,75,75,54,28,23,27,35,38,35,34,53,71,76,69
89,110,132,138,117,65,54,55,52,44,48,54,48,34,27,30,35,40,43,46,59,70,72,68
83,101,123,136,130,100,97,100,97,90,88,87,79,67,61,59,60,64,69,72,80,78,70,66
79,89,111,131,138,132,134,134,129,121,120,114,108,101,91,81,79,78,78,81,81,75,68,63
75,80,96,117,133,139,145,147,142,132,125,117,111,105,96,88,86,84,82,81,75,68,62,57
74,75,83,99,119,130,140,146,145,135,120,109,102,98,94,93,91,87,83,76,68,61,55,51
75,75,78,89,107,122,135,143,145,139,121,106,98,98,101,103,98,91,83,71,62,55,50,46
