86,132,166,174,176,184,195,207,220,232,231,232,230,224,219,213,215,212,203,199,183,174,167,159
105,137,158,160,159,161,168,178,191,206,211,219,220,215,214,215,220,222,220,216,210,203,194,183
116,129,136,132,124,118,119,126,137,150,154,157,156,155,163,169,170,170,173,177,183,187,187,184
109,108,107,102,87,74,71,76,86,95,98,94,89,91,108,115,107,98,98,109,121,136,151,160
93,87,83,78,65,50,45,50,61,72,82,83,79,83,105,106,91,75,71,76,84,101,122,137
88,78,70,65,59,51,44,42,49,61,77,84,90,105,120,110,89,71,67,74,81,88,104,124
87,75,65,60,58,58,50,45,48,63,86,112,128,134,134,116,89,67,60,68,74,75,86,107
95,91,88,87,87,89,79,67,64,77,103,147,168,160,149,130,105,85,79,86,90,80,78,92
110,120,128,131,132,131,117,99,88,92,120,170,191,177,163,151,135,122,119,125,126,106,90,94
124,143,155,158,158,156,142,122,105,102,133,177,197,185,169,169,165,158,153,156,157,142,127,127
145,157,171,180,182,176,159,133,114,117,145,182,202,195,173,178,186,186,182,181,183,177,168,162
155,157,165,174,177,170,148,127,120,133,158,188,206,204,186,180,187,193,192,193,196,199,195,184
158,155,159,166,167,153,127,118,128,145,168,194,210,211,200,186,180,180,183,186,191,201,202,192
160,159,165,170,161,135,111,112,129,142,168,193,208,211,204,193,174,162,163,170,177,190,198,193
163,170,178,171,142,110,102,104,108,114,146,175,194,199,192,185,175,162,155,163,174,190,198,194
154,158,154,135,106,100,102,102,95,86,101,125,151,168,167,168,173,172,161,153,171,195,202,190
138,139,124,102,90,99,107,110,107,98,97,107,129,152,163,169,177,179,169,151,151,173,185,173
125,128,113,94,91,95,101,109,117,122,122,125,136,154,170,176,179,178,171,155,140,151,162,153
118,129,128,114,96,79,80,93,110,129,145,151,156,164,173,175,171,163,154,150,145,151,153,140
118,136,153,145,105,59,58,81,106,122,140,150,157,163,167,166,155,131,109,120,145,163,157,137
116,135,161,168,140,93,83,100,124,142,168,181,186,186,180,176,166,145,127,143,166,178,163,132
112,127,155,174,163,133,118,121,137,155,178,189,193,191,184,181,178,172,168,178,187,189,170,141
96,109,133,154,156,145,133,133,146,162,177,184,189,192,189,188,190,193,198,198,196,190,172,150
71,87,107,123,131,129,127,136,153,171,180,187,194,200,202,202,202,202,201,198,195,186,168,146
