82,102,116,124,139,158,174,190,205,212,215,216,213,202,186,174,151,129,112,92,81,67,54,47
71,86,93,96,110,128,145,166,188,201,205,208,206,196,181,167,142,116,98,80,68,57,48,45
53,69,73,71,76,83,93,113,140,164,174,180,178,166,146,125,99,76,63,52,45,39,36,37
47,69,80,76,70,63,59,67,87,114,128,137,133,115,92,71,53,45,44,42,39,36,34,34
62,92,109,107,100,84,68,59,63,79,94,100,89,66,46,41,47,58,67,67,60,54,48,45
74,102,109,100,96,82,67,66,77,91,109,111,93,65,46,57,73,81,76,61,51,45,44,44
88,114,114,100,101,85,70,75,94,113,138,145,120,78,57,75,97,101,84,55,46,43,44,48
104,130,130,114,112,101,92,99,116,133,160,170,139,87,67,92,114,115,97,69,59,55,56,61
120,149,155,139,130,126,126,132,141,150,173,179,144,92,78,106,125,125,113,95,85,79,79,84
134,165,177,166,155,151,156,162,164,165,183,181,145,98,90,114,133,137,128,117,110,107,106,106
141,171,190,190,183,181,183,182,177,174,188,180,142,100,97,122,145,156,156,150,146,140,131,121
142,171,194,201,201,202,200,191,180,177,190,178,139,100,96,124,152,169,174,172,164,152,136,121
137,164,188,199,202,204,199,187,177,179,192,177,138,101,93,117,147,170,178,175,164,148,128,112
127,153,176,186,188,186,180,173,172,183,195,177,139,103,90,100,128,154,166,163,151,133,113,98
116,138,159,166,160,154,152,156,166,183,196,175,136,101,87,79,99,126,141,142,131,113,94,81
104,125,142,143,135,126,135,143,150,165,178,157,117,82,71,67,85,106,114,113,108,96,81,72
102,122,137,133,113,91,94,100,103,112,129,114,79,50,46,49,63,73,74,74,84,84,76,69
97,119,137,131,101,65,61,62,60,61,75,68,46,27,25,32,40,43,42,44,65,76,73,64
85,111,133,132,105,70,65,64,56,49,53,52,42,30,26,30,34,36,38,40,60,72,68,55
79,102,126,135,126,110,110,108,100,93,90,84,73,61,54,53,55,58,61,65,75,74,65,55
72,89,113,131,136,136,138,135,127,122,117,111,103,93,82,76,74,75,76,79,79,74,62,49
67,79,99,118,132,140,147,145,137,128,120,113,107,100,90,85,83,82,81,81,75,68,58,46
64,70,82,97,112,126,136,140,136,123,111,104,99,96,93,90,87,84,80,74,68,61,51,40
61,62,67,77,89,106,118,127,129,120,107,99,97,98,99,97,91,84,77,69,62,56,45,31
