25,26,64,136,211,234,239,239,239,239,239,239,236,231,225,221,216,207,194,184,177,167,156,149
57,40,74,154,223,235,236,236,236,237,238,239,238,235,234,232,230,225,219,215,212,208,201,194
94,85,117,177,218,212,208,212,219,225,229,231,231,229,223,216,211,211,216,221,224,226,224,220
123,135,162,189,196,176,170,180,196,206,215,221,220,210,192,172,161,166,184,200,209,214,217,217
143,159,176,183,178,155,149,162,180,191,206,217,212,192,162,132,114,123,154,179,192,201,206,206
152,167,181,185,175,146,132,145,169,184,206,221,218,197,169,137,114,114,137,162,175,182,187,189
152,164,181,188,176,149,136,146,168,183,209,225,220,199,175,148,122,108,111,127,141,150,160,169
152,162,184,202,198,182,172,173,182,194,220,231,223,203,187,168,147,130,124,133,139,141,149,162
159,167,193,220,228,223,215,207,204,211,233,237,225,210,200,191,179,170,168,173,171,164,166,175
172,177,201,228,238,237,232,224,220,226,240,237,226,214,204,203,200,196,195,199,201,202,202,201
182,191,212,231,237,237,234,227,225,236,243,235,227,221,212,210,212,214,214,215,217,217,216,215
175,194,218,233,232,230,227,224,229,243,244,236,227,222,217,213,215,219,222,223,223,222,220,218
164,190,219,232,227,223,220,223,232,244,242,234,226,221,218,212,212,216,221,223,222,220,218,214
156,184,217,232,225,220,218,222,230,236,232,224,218,216,214,207,207,211,216,218,217,216,213,207
151,180,216,234,229,223,218,218,220,219,213,203,195,195,202,203,206,210,214,217,216,214,209,201
145,175,213,232,228,221,219,220,217,207,195,183,174,175,191,204,211,212,212,216,218,218,210,196
139,169,208,230,226,220,222,225,222,209,193,182,180,187,199,210,215,214,210,212,216,218,207,189
131,163,205,229,225,221,224,228,228,218,205,199,201,207,212,216,217,215,210,209,212,215,204,183
125,159,204,230,228,223,221,222,223,220,215,212,211,212,214,213,211,210,210,210,212,214,201,179
121,154,201,231,232,225,213,201,195,200,199,195,194,196,197,195,192,195,205,213,217,217,199,170
110,144,194,229,233,228,215,195,183,194,204,208,204,195,184,173,165,175,201,216,220,218,198,165
105,133,185,227,233,232,227,215,204,204,211,214,206,190,179,174,172,185,208,219,219,216,194,159
97,116,161,204,216,220,225,226,221,214,214,215,207,194,189,192,199,208,218,221,217,211,185,145
85,96,130,167,187,193,205,211,212,213,216,218,215,209,206,209,214,219,222,221,216,207,175,130
