39,23,17,24,33,46,56,65,82,109,132,151,161,160,151,136,104,73,56,44,41,37,33,33
39,25,19,26,36,46,53,64,87,119,139,158,168,168,160,148,118,82,57,49,40,33,31,32
34,25,23,32,42,46,49,60,81,110,134,156,168,166,154,139,112,79,53,50,40,32,29,29
32,30,38,50,56,53,53,60,74,93,119,145,159,155,135,115,93,70,51,48,44,38,32,30
42,48,64,77,75,68,65,70,81,93,110,134,149,143,118,99,86,74,61,52,51,49,45,41
55,72,85,87,83,78,72,80,98,109,109,125,138,131,105,99,99,92,73,61,60,62,62,59
75,90,98,97,95,96,92,96,108,114,108,120,130,123,98,99,108,101,79,71,70,72,75,77
90,104,112,112,111,113,112,111,112,113,109,121,129,120,98,100,109,107,94,87,85,85,86,90
100,115,125,125,123,125,125,121,116,113,113,124,130,122,103,101,108,113,112,106,102,99,98,99
110,121,130,132,129,129,130,129,124,121,118,127,132,123,108,107,110,115,118,116,113,111,110,107
114,125,135,139,140,143,144,140,132,124,120,131,136,125,110,112,117,120,121,117,116,115,112,110
117,128,140,147,152,155,153,144,131,122,127,141,144,129,111,112,121,130,133,128,125,119,113,110
118,131,144,153,158,158,154,141,126,119,133,148,149,132,112,108,120,136,144,140,135,126,116,111
118,132,145,153,157,154,148,136,123,118,129,141,140,125,109,103,116,134,145,145,141,131,119,112
117,129,141,147,149,145,142,136,125,115,115,118,115,106,100,103,118,133,140,145,142,132,118,108
109,120,133,139,140,138,137,134,130,126,124,121,115,110,110,115,122,127,131,136,136,128,115,104
109,119,128,132,133,129,127,127,128,130,132,131,126,120,119,120,120,121,125,128,129,121,108,99
107,118,128,131,127,114,110,114,122,127,131,132,128,122,116,113,109,111,118,121,123,114,101,93
101,116,130,135,127,103,96,105,120,127,129,127,123,118,111,102,96,99,111,119,121,111,96,89
107,115,129,139,135,113,103,111,126,135,144,145,139,130,121,105,92,95,111,121,121,109,95,87
94,109,125,135,136,124,111,108,114,121,123,123,120,114,108,98,97,105,119,126,119,106,93,84
94,105,119,130,134,129,119,114,115,122,126,123,117,109,101,96,102,114,123,124,112,100,90,82
105,107,116,124,124,121,117,116,119,126,134,133,125,114,105,101,106,116,122,117,105,94,82,70
113,112,115,117,112,106,105,108,115,120,126,128,124,117,110,108,111,115,117,111,101,91,72,48
