83,70,56,49,60,100,80,62,70,100,188,218,221,205,136,69,43,38,40,60,65,57,42,30
48,49,53,57,69,129,88,52,55,73,160,203,216,193,106,57,40,36,49,99,97,74,52,42
33,42,52,57,65,113,70,36,38,52,133,183,208,185,80,46,36,33,45,94,82,58,44,42
37,41,44,43,44,69,48,30,31,44,113,169,200,178,82,43,36,37,40,55,38,27,27,30
30,28,25,21,22,51,49,43,40,44,100,167,195,168,108,52,44,52,47,34,21,19,21,20
24,22,25,25,19,34,49,51,52,70,116,167,190,173,130,68,51,49,36,35,28,27,27,22
25,26,34,41,42,49,56,54,59,89,114,162,188,171,128,96,64,54,69,75,67,54,39,29
30,31,44,67,90,102,98,77,71,112,124,161,184,166,121,114,83,72,102,123,113,85,54,36
34,34,49,82,121,141,134,106,98,141,142,166,182,163,119,125,113,101,113,138,126,93,58,38
35,38,47,68,98,114,109,114,138,164,145,169,188,167,122,142,153,140,119,113,98,77,56,46
55,49,53,67,84,101,131,166,187,175,150,178,198,171,122,139,169,186,185,170,156,141,130,128
141,141,146,155,163,173,192,207,197,161,166,196,213,193,142,136,160,195,219,212,205,198,194,192
199,208,217,223,227,229,229,215,185,153,172,202,220,207,161,140,151,186,223,226,225,224,222,218
202,214,223,228,229,228,221,201,175,159,157,184,203,191,154,151,155,178,214,221,223,223,220,216
202,211,218,221,221,213,205,194,180,159,133,149,163,145,113,156,166,178,209,208,214,217,215,209
197,204,211,213,209,201,204,207,197,171,127,134,147,137,118,155,179,193,205,206,208,210,208,203
193,198,202,202,198,198,199,191,171,141,110,118,127,114,94,117,144,167,185,199,204,205,201,198
193,195,195,191,180,164,151,136,116,97,102,114,116,100,74,84,101,122,146,166,171,179,189,192
195,198,195,179,147,99,82,79,78,81,118,131,130,120,95,85,85,93,106,114,111,133,167,187
195,204,202,167,102,78,82,94,108,122,147,161,165,163,152,109,92,101,107,86,88,104,140,183
191,202,209,193,156,141,139,137,136,145,159,172,178,177,173,145,132,135,142,143,138,140,160,189
191,198,209,209,196,190,185,176,169,172,180,189,193,193,191,179,171,169,173,185,186,186,192,199
194,196,205,211,205,202,202,199,195,195,198,199,198,198,200,197,193,191,192,197,201,206,206,201
197,197,205,209,200,196,202,206,204,202,200,193,186,186,196,200,198,199,201,196,194,196,198,195
