77,113,143,157,170,188,196,200,206,213,214,213,208,195,174,153,130,103,78,64,61,60,55,46
92,141,167,166,169,184,180,176,179,186,190,186,177,160,135,117,99,79,62,58,58,57,56,55
102,135,142,126,119,121,112,107,111,120,137,146,138,112,84,70,64,59,58,66,67,66,65,62
95,103,94,76,67,57,50,49,51,58,81,103,99,71,49,44,48,55,66,76,77,75,71,66
80,84,80,74,72,63,56,50,45,44,48,63,62,44,41,48,54,60,65,68,69,68,67,67
87,92,93,92,92,84,71,60,54,51,44,49,47,40,43,49,49,45,40,41,46,53,60,64
91,97,94,85,76,66,56,52,53,53,44,61,67,53,45,49,49,46,44,46,51,60,68,71
93,96,87,73,63,53,47,47,52,57,57,111,134,98,54,53,55,54,53,56,63,73,81,82
99,99,88,74,67,60,55,55,60,66,84,171,208,153,74,60,62,64,63,67,74,84,90,92
110,116,108,92,80,73,69,73,77,81,122,201,232,183,102,67,66,75,80,84,87,88,91,94
109,119,117,106,99,94,92,89,86,97,161,222,239,202,133,90,71,68,72,74,75,76,79,83
95,109,113,106,98,94,93,90,96,132,191,235,242,208,147,114,95,86,86,88,88,85,83,84
90,94,95,93,88,89,93,97,113,153,196,234,240,206,148,125,106,90,84,96,109,111,106,100
97,90,87,89,92,93,92,103,125,152,176,212,221,188,135,116,93,70,62,80,105,120,119,110
102,107,113,119,120,100,74,77,110,145,147,165,167,140,105,93,77,62,56,56,63,75,84,87
95,110,118,111,92,67,63,74,90,99,93,97,96,83,62,57,58,64,70,64,62,64,68,71
85,98,100,86,66,57,74,92,92,72,56,51,50,46,41,47,60,75,83,73,66,68,71,70
78,85,83,71,59,62,88,110,107,78,55,43,38,37,40,50,64,76,78,68,69,76,79,77
76,81,82,75,68,67,85,104,108,93,73,58,49,46,48,55,61,61,57,58,73,83,85,82
78,84,86,84,79,71,66,64,67,73,69,63,57,54,56,61,62,52,45,64,82,89,86,81
76,83,88,89,90,85,73,61,72,116,125,128,122,109,96,83,74,68,67,84,90,88,81,76
75,81,86,89,94,96,96,92,97,127,138,146,141,123,104,89,80,79,85,94,92,83,74,70
78,80,83,86,92,101,113,118,115,113,120,132,131,115,95,85,79,81,89,92,86,76,68,67
83,81,81,84,90,99,110,117,114,106,111,127,132,119,97,83,77,79,85,87,80,71,67,69
