110,146,173,176,172,180,191,202,211,220,222,219,216,216,219,224,230,235,236,234,225,204,168,134
131,149,159,155,145,143,150,162,178,197,205,208,210,213,215,219,224,230,233,234,229,219,199,175
152,143,133,121,108,95,92,99,117,143,163,175,183,188,186,182,180,179,180,185,192,202,204,196
154,127,102,89,79,65,54,53,64,86,112,131,143,148,143,130,118,110,108,115,133,158,176,182
135,106,79,66,63,57,49,45,48,57,77,99,112,113,106,92,78,69,66,72,92,118,140,153
129,103,72,54,48,27,24,31,40,49,65,89,104,104,96,80,68,59,52,56,70,91,112,126
141,150,131,101,85,54,44,45,48,53,68,103,126,120,97,74,59,46,35,36,59,73,85,103
159,186,172,130,102,77,68,68,69,73,97,150,180,161,113,81,64,52,43,49,83,99,108,122
184,206,192,146,108,91,89,97,106,116,148,206,233,206,145,106,84,73,72,85,121,151,168,176
219,237,232,200,158,133,130,142,160,174,201,234,248,230,187,146,114,96,95,110,142,182,214,224
234,244,248,240,224,210,201,199,201,204,218,240,251,240,214,186,161,142,133,144,177,214,239,244
234,237,244,250,249,243,233,224,218,218,229,245,253,246,229,214,203,195,194,201,222,240,249,250
220,217,223,233,235,226,212,214,226,228,237,248,253,248,238,230,225,226,234,240,248,251,249,246
194,184,185,192,189,172,157,183,225,233,240,247,250,247,244,235,218,214,228,240,245,245,241,234
162,139,128,129,120,104,109,151,202,218,227,236,240,240,240,229,185,161,181,208,221,224,219,212
132,101,83,79,74,82,110,131,140,152,171,185,193,199,200,193,162,129,121,145,166,179,181,176
107,79,61,58,59,82,125,129,99,81,93,106,117,126,135,161,160,129,96,99,116,132,140,139
92,70,55,53,56,79,129,137,99,58,51,55,65,82,109,158,170,140,95,81,90,105,115,117
88,67,54,53,53,64,102,122,109,79,61,54,63,91,134,173,172,138,98,85,89,101,110,112
97,69,52,52,52,46,43,48,59,66,68,68,77,102,137,156,142,113,92,94,98,106,114,117
124,82,52,47,53,56,47,38,35,37,38,41,47,58,73,84,90,91,91,93,95,107,127,143
142,94,53,41,50,64,63,53,45,42,35,35,40,47,56,72,90,100,98,90,90,128,168,179
130,92,54,38,47,64,71,66,57,55,46,44,49,60,74,96,113,116,104,89,94,155,204,195
100,79,51,37,45,60,71,64,51,49,45,45,50,63,83,107,118,116,104,90,106,169,208,184
