154,159,171,188,205,217,227,237,245,245,239,234,232,235,239,239,233,225,216,203,183,162,143,131
148,155,168,184,200,211,220,232,245,251,244,237,234,234,233,231,224,216,209,198,179,160,143,132
142,146,147,150,158,160,162,177,200,221,231,231,228,223,209,191,170,157,154,155,145,139,134,130
136,131,121,114,115,109,105,116,142,172,202,218,218,204,176,144,116,101,102,109,107,110,118,123
130,118,109,110,112,107,104,107,121,144,174,202,209,189,151,122,108,103,102,104,102,100,106,116
134,133,129,121,110,94,97,106,117,132,159,194,204,178,132,113,100,90,89,107,117,124,128,125
146,152,143,128,120,99,108,119,125,134,157,192,202,176,135,116,105,97,97,116,123,137,146,140
162,171,164,152,152,141,144,145,142,147,164,193,202,181,148,131,128,130,134,143,144,154,161,156
176,188,191,187,189,189,183,172,162,162,173,195,202,186,161,150,156,168,176,178,175,176,175,169
184,200,210,209,205,201,197,189,178,171,175,194,202,188,165,162,172,184,190,195,196,194,185,176
184,200,213,217,217,218,215,203,185,171,172,194,203,187,164,162,182,201,207,209,207,200,187,176
179,194,208,218,226,229,219,194,169,165,171,198,209,193,167,155,168,196,221,224,216,201,184,171
173,186,203,218,228,223,197,169,155,159,167,191,205,191,163,150,151,176,214,229,221,201,179,164
166,179,198,214,218,195,159,145,149,145,146,163,175,167,144,146,147,159,188,217,216,198,174,158
160,174,188,194,189,154,135,133,131,110,105,115,123,120,112,129,149,159,165,188,196,187,166,150
154,167,175,170,152,117,104,100,94,81,85,108,117,104,89,97,115,130,140,156,173,171,156,142
146,160,166,151,117,86,79,84,89,87,100,124,132,115,91,84,88,95,105,123,151,158,146,133
137,151,158,137,94,69,69,89,114,130,149,165,167,152,126,99,80,73,80,99,135,147,137,123
129,143,150,134,98,83,84,108,147,183,205,215,211,197,177,134,95,79,88,101,132,140,127,113
120,134,148,151,144,139,130,134,159,197,223,235,231,215,196,162,132,125,138,142,146,137,117,100
111,129,147,160,168,171,166,160,164,182,203,211,209,201,187,165,157,163,170,162,150,131,104,82
102,121,144,161,170,175,176,171,169,176,187,191,190,187,181,170,173,177,173,159,142,118,89,65
104,116,137,155,162,167,171,173,175,179,180,180,179,179,180,178,179,174,160,145,127,105,78,56
114,117,131,147,156,163,169,174,179,180,177,172,171,176,181,182,178,167,149,134,118,98,75,55
