154,164,177,188,195,201,210,225,237,236,242,244,241,239,243,237,234,225,208,197,189,178,166,158
154,164,176,184,189,194,204,220,232,233,240,243,240,237,237,226,219,208,192,183,179,172,162,155
153,157,157,154,152,152,159,175,194,208,225,233,233,227,212,189,173,159,144,140,141,141,142,144
150,144,132,120,114,109,110,122,144,169,196,215,220,210,181,150,132,121,114,117,118,119,125,133
148,135,120,112,110,105,99,101,114,134,166,194,205,192,162,137,127,127,133,142,142,137,133,135
157,148,135,122,113,108,99,97,106,128,157,187,201,190,158,130,120,117,114,120,127,134,141,147
169,164,147,128,117,107,94,92,105,130,163,197,213,202,166,138,127,116,103,110,123,136,151,163
179,177,166,153,148,140,130,126,133,148,177,208,224,215,181,158,149,142,133,141,151,160,170,178
185,187,189,190,190,188,184,178,172,173,189,212,226,220,195,180,177,179,181,187,192,192,191,190
187,190,199,208,208,203,203,201,194,185,191,210,221,216,199,193,197,200,201,204,208,206,200,195
187,188,199,212,215,213,219,217,204,187,187,204,213,206,192,192,204,213,213,215,214,208,200,195
186,189,199,213,221,223,225,217,198,181,182,200,211,201,180,180,199,216,221,223,217,207,197,192
183,187,197,211,223,226,220,202,181,170,175,196,209,199,172,164,186,210,220,223,218,207,195,188
176,181,192,206,218,218,202,180,164,159,162,178,188,181,162,154,174,200,213,214,213,204,191,182
167,172,183,197,207,201,180,164,159,154,137,133,134,134,138,153,175,194,202,202,198,191,180,171
157,161,169,180,187,180,165,163,168,161,134,127,130,134,143,166,181,186,186,185,181,174,166,160
148,152,157,163,167,164,158,164,172,166,142,136,139,142,147,165,169,162,156,162,165,163,157,154
141,144,149,152,150,144,139,146,156,151,141,143,147,145,138,145,141,129,123,141,157,160,155,150
133,137,144,147,140,118,105,111,123,122,128,142,150,143,122,117,110,102,104,133,159,162,151,143
122,127,138,148,142,104,86,89,100,109,125,143,153,144,119,107,99,100,115,149,163,155,139,132
110,116,128,142,146,124,114,115,120,126,139,150,155,153,142,134,133,139,150,160,156,141,127,121
99,105,117,131,142,142,142,142,141,137,138,138,141,146,150,153,158,164,166,160,145,129,118,114
89,95,108,122,133,145,152,154,150,140,133,128,130,139,149,158,164,166,163,153,137,123,114,111
81,90,105,118,128,140,148,153,151,142,137,134,136,143,152,158,161,161,157,148,135,122,114,112
