92,135,167,179,187,192,199,213,228,235,238,243,240,232,230,222,214,204,189,171,158,147,132,117
106,142,166,172,175,178,186,202,219,229,235,240,240,236,234,228,221,213,200,186,179,171,159,146
118,142,149,140,137,135,138,153,174,194,213,228,235,232,223,205,191,180,168,158,157,157,155,151
124,138,131,114,109,103,100,107,125,150,178,207,222,217,198,167,147,134,125,121,123,127,131,135
125,139,135,122,118,114,106,103,109,124,150,183,202,199,175,145,129,123,122,126,130,126,124,127
134,151,146,124,110,102,93,90,97,118,145,176,197,195,171,139,124,122,125,132,139,140,138,138
146,164,161,142,131,122,108,101,106,125,153,187,208,205,176,142,126,116,104,105,115,127,139,148
158,175,179,171,166,160,148,140,139,147,170,200,220,217,187,158,144,134,122,122,130,141,153,164
168,182,194,198,197,193,189,184,178,174,186,208,224,222,198,179,172,169,168,172,177,178,179,182
176,184,198,209,210,205,206,205,198,187,189,206,220,217,201,191,192,194,194,196,200,200,197,193
181,186,198,211,217,217,221,218,204,188,186,202,212,207,194,192,202,209,208,209,212,208,201,196
183,187,198,211,222,225,225,214,195,179,180,199,211,202,182,182,200,215,218,219,216,208,199,193
180,184,195,209,221,223,214,196,177,168,174,196,209,198,172,167,189,212,221,223,218,207,195,188
172,177,188,203,214,211,193,174,162,158,161,178,189,181,162,156,178,204,216,219,216,206,191,180
161,167,178,191,199,191,172,162,160,152,135,133,136,137,143,155,178,197,205,207,204,197,182,168
150,155,164,174,178,171,162,164,168,157,133,127,130,134,146,166,181,189,191,191,187,180,167,154
139,146,153,157,159,155,154,162,169,158,140,136,138,141,150,167,171,168,167,171,171,166,155,143
130,139,147,148,142,131,131,141,150,143,141,144,145,143,142,149,145,136,137,152,161,160,149,135
123,133,144,146,132,103,98,109,119,120,134,145,147,137,122,119,113,107,114,143,160,160,145,128
111,123,139,146,132,97,90,97,107,115,133,148,149,134,113,103,97,100,118,152,162,154,136,118
102,114,129,140,142,126,122,123,126,131,143,152,154,147,135,126,126,133,145,160,155,141,122,105
89,104,120,132,143,145,146,144,140,137,137,138,143,148,149,149,154,159,161,156,141,128,112,95
73,91,107,119,131,141,148,148,142,135,129,127,134,145,153,160,165,167,161,146,131,119,104,88
61,78,93,104,116,126,135,139,137,134,131,132,138,148,155,160,163,162,156,142,129,117,100,83
