181,194,206,214,220,226,231,236,241,246,247,246,246,245,242,240,237,232,227,220,211,195,169,145
183,195,204,207,210,212,215,220,227,236,239,241,242,240,235,233,228,221,212,203,193,178,156,137
184,193,194,190,188,181,173,172,183,206,220,230,235,233,225,216,197,172,153,146,147,139,124,113
183,188,185,177,167,149,128,120,134,167,197,219,229,227,215,192,147,103,80,87,111,113,100,90
178,185,184,173,154,125,105,103,119,144,179,210,227,224,206,165,105,56,42,64,104,118,106,89
182,189,178,151,117,85,92,125,156,163,178,206,228,227,200,155,118,81,45,36,54,82,101,105
191,197,187,168,154,136,148,173,192,191,190,207,226,226,199,170,159,143,112,90,89,93,105,123
202,209,205,197,196,193,200,208,210,205,200,210,223,223,201,185,188,188,174,157,145,132,135,152
212,219,221,217,216,219,221,219,215,207,204,212,221,220,201,189,196,204,203,197,183,175,176,181
215,221,226,227,229,230,229,224,217,209,206,211,219,217,197,187,198,211,213,209,204,200,197,192
217,224,230,233,234,231,228,223,217,210,207,211,217,212,190,185,199,214,218,219,216,212,204,195
217,224,229,232,233,230,228,224,217,209,205,211,216,209,188,185,199,214,219,221,218,213,203,194
215,222,228,231,232,231,229,223,215,205,202,211,217,210,187,181,197,214,219,219,217,211,201,191
213,221,228,232,234,232,229,221,209,198,199,212,220,211,185,174,192,213,219,219,215,209,199,189
210,219,228,232,233,231,227,218,204,190,190,206,216,205,177,167,189,212,218,219,214,207,196,185
207,216,224,228,229,227,223,216,196,162,143,166,180,162,134,150,185,211,217,219,214,207,194,181
202,211,219,224,225,223,220,215,199,164,137,139,140,127,119,152,189,210,216,218,214,206,191,174
194,205,215,219,221,218,215,211,200,179,159,145,136,132,137,164,190,205,212,215,213,203,183,162
186,199,210,214,215,209,205,202,197,188,182,176,173,171,167,172,181,191,199,210,209,195,171,147
176,192,206,210,207,196,193,193,195,194,198,199,198,192,181,172,168,171,181,199,200,183,155,131
167,184,201,207,202,188,179,176,178,183,191,198,198,189,179,169,161,162,173,189,188,167,137,115
158,176,195,204,201,184,166,155,154,160,165,172,171,161,153,142,141,153,173,186,177,152,122,101
153,168,186,198,200,188,169,155,152,158,161,165,162,153,143,131,136,155,178,184,167,139,110,88
155,163,177,192,199,197,186,177,176,184,189,190,187,179,166,154,157,170,182,180,158,130,101,78
