55,51,59,78,104,142,180,198,200,204,214,215,204,195,207,206,168,155,176,157,136,114,93,77
57,59,72,92,112,136,171,182,181,200,213,215,208,203,211,198,157,137,154,156,155,133,102,81
76,99,124,139,146,161,170,165,161,180,202,214,214,208,196,161,125,110,121,146,171,157,120,95
99,132,153,154,150,155,158,160,161,162,180,205,216,202,166,139,119,107,107,131,167,167,140,119
114,122,116,101,92,78,122,165,176,161,157,188,208,187,140,160,160,139,120,113,137,150,146,140
137,123,116,114,102,70,131,171,162,148,155,191,205,176,126,146,153,136,102,60,95,101,98,118
157,150,149,151,146,136,163,180,169,152,170,194,199,173,131,147,160,158,139,110,122,113,109,128
171,174,176,178,184,191,195,192,179,161,179,193,191,171,145,154,172,182,178,167,159,147,144,154
180,185,189,193,203,210,212,200,180,166,179,188,182,167,157,158,178,195,195,190,181,174,174,177
183,193,200,205,210,212,209,194,173,165,180,187,175,157,158,158,179,199,201,200,194,189,188,188
174,184,193,197,195,192,186,181,176,173,196,204,183,152,150,161,174,190,207,213,207,197,189,186
176,183,191,197,200,201,201,189,171,167,192,201,184,158,155,168,188,201,201,197,191,182,171,163
181,188,196,203,210,216,216,194,161,148,167,176,163,145,154,168,197,213,205,194,188,179,166,155
184,193,202,208,215,221,213,190,159,142,150,159,148,134,151,166,193,214,217,210,204,192,176,165
185,193,201,208,214,217,208,191,177,176,181,185,185,179,168,176,193,207,212,211,202,189,175,166
187,194,201,206,209,209,201,195,193,198,206,208,205,196,185,184,192,202,209,207,198,187,177,172
190,195,198,199,202,201,197,195,199,203,210,212,209,201,193,187,189,197,204,200,195,189,183,179
192,197,197,194,194,192,178,169,171,179,185,189,186,177,170,168,175,188,198,195,197,195,189,182
191,199,200,196,191,179,146,123,126,144,154,159,152,136,125,128,146,172,193,194,202,201,192,182
187,196,204,203,193,165,124,109,125,149,163,164,151,131,113,100,114,152,191,201,207,202,191,181
183,192,202,205,199,184,165,153,155,166,178,183,172,152,144,144,154,173,194,207,207,200,188,179
175,185,197,202,196,191,188,184,181,184,188,193,189,179,177,179,182,185,191,205,203,194,182,172
153,174,189,192,187,188,192,195,196,197,197,198,199,197,196,193,189,184,184,196,194,186,173,158
124,160,181,180,181,186,194,200,202,203,206,208,206,202,201,196,191,183,179,186,185,179,164,143
