98,115,134,146,154,173,190,206,219,226,235,241,242,238,234,228,219,211,202,192,184,178,156,121
130,151,166,172,178,190,204,217,227,233,237,240,237,231,224,212,198,186,176,168,161,159,140,106
141,155,166,171,179,186,198,211,223,231,235,236,232,224,214,200,189,182,178,173,166,160,139,109
139,147,159,170,179,184,192,202,214,225,231,233,230,221,211,202,197,197,199,197,190,181,157,127
155,170,188,201,207,209,209,211,215,222,230,234,231,223,216,212,205,197,193,194,195,194,174,141
171,186,196,197,198,205,212,216,217,222,230,235,233,226,219,209,180,148,130,140,157,171,164,142
180,184,175,159,154,175,200,213,216,220,230,236,234,227,221,209,177,138,116,133,156,168,165,152
189,183,167,147,141,169,198,213,216,218,228,233,232,226,223,216,196,169,154,168,184,190,183,170
199,195,186,175,172,191,209,217,217,217,225,231,229,225,225,225,219,211,206,211,215,218,209,192
211,215,216,214,213,216,220,221,219,217,224,229,228,224,227,230,230,228,226,226,228,230,225,212
219,224,227,227,226,226,226,224,219,216,223,227,226,222,223,229,233,235,235,235,235,236,232,225
223,228,232,233,232,231,229,224,217,214,222,228,225,218,216,223,232,238,240,241,241,239,235,231
223,229,235,237,237,235,230,222,213,211,222,229,225,216,211,215,225,234,239,241,242,240,236,232
217,227,236,239,239,237,230,219,208,209,221,227,225,216,209,208,214,224,233,236,240,239,235,232
206,223,235,239,239,237,229,215,204,205,213,217,216,210,205,202,207,216,225,231,236,236,233,230
199,219,233,237,238,235,227,212,196,187,186,189,189,187,187,191,203,213,218,224,229,230,228,226
187,213,230,233,235,232,225,209,189,172,168,174,180,181,182,192,207,216,217,217,221,222,221,218
172,203,224,228,229,228,222,210,194,180,180,189,196,198,197,205,214,219,216,213,213,213,211,208
158,193,216,220,223,222,219,213,206,203,209,217,221,220,217,217,217,216,213,208,206,204,202,199
146,179,204,212,215,215,214,211,209,208,213,217,218,215,210,207,204,202,201,201,201,200,197,195
123,162,192,203,207,206,204,200,197,194,196,199,200,196,188,178,171,169,176,188,198,202,199,196
115,151,183,197,203,200,191,178,167,162,165,169,172,173,170,161,154,155,169,190,204,208,203,195
112,144,176,195,202,199,185,164,147,142,150,156,160,164,164,157,150,152,166,180,186,188,181,168
106,136,171,195,203,202,187,168,152,149,158,167,171,170,167,159,147,145,153,153,146,145,140,126
