130,162,183,187,192,198,197,200,209,219,230,233,227,214,198,180,165,154,145,139,132,122,97,66
161,202,223,218,212,205,197,196,203,214,226,228,214,188,162,142,128,118,112,115,118,118,103,82
177,209,219,202,184,173,167,161,160,174,200,208,187,146,110,91,81,72,65,70,85,98,99,91
167,182,182,164,144,137,132,118,105,114,147,161,139,94,62,48,44,42,39,47,67,87,94,89
146,158,165,160,149,133,116,95,75,72,94,110,92,52,29,20,21,31,46,66,85,100,97,82
136,151,162,159,138,92,61,52,57,70,124,171,151,78,27,11,9,16,34,58,77,85,80,69
132,141,141,121,87,51,34,35,49,79,162,218,201,121,41,14,10,15,22,32,47,66,77,77
143,149,135,103,69,54,48,53,70,106,190,239,226,157,67,34,26,26,25,25,40,75,103,108
169,173,154,121,96,91,88,96,114,141,210,244,235,184,106,77,68,63,56,54,71,115,149,151
199,202,184,154,135,130,135,145,155,170,225,247,241,210,153,135,137,133,118,111,127,165,192,187
220,225,217,199,189,191,196,178,163,194,237,250,245,225,181,142,160,188,192,189,195,208,212,202
225,236,239,231,222,218,209,180,168,216,243,248,243,229,200,147,141,169,200,209,212,213,208,200
222,234,239,232,219,204,183,167,175,217,217,217,211,197,177,140,113,120,157,182,196,201,200,196
216,222,219,203,181,157,136,144,170,178,150,148,149,135,113,110,90,80,100,136,163,181,189,189
202,207,193,160,125,96,90,114,133,104,62,67,81,76,54,64,69,64,63,89,119,143,158,164
175,183,165,125,86,67,87,129,146,105,55,40,41,43,45,72,89,81,58,58,76,98,120,136
152,162,140,97,65,72,116,162,176,143,92,55,39,43,63,108,133,122,85,57,56,69,92,114
137,150,123,76,59,93,147,184,190,167,125,88,65,61,81,127,154,149,118,80,71,73,87,106
132,150,121,72,64,103,142,162,158,142,120,104,88,75,78,105,125,130,120,102,104,105,106,111
136,159,139,97,82,85,85,82,78,79,77,74,69,64,61,59,58,62,74,91,124,138,132,122
127,159,159,138,135,134,108,84,86,119,138,140,134,126,117,94,71,71,97,128,151,153,140,125
122,155,164,159,173,186,171,151,151,176,192,191,183,173,162,142,129,137,159,172,165,148,129,117
123,152,164,168,189,212,215,208,202,204,203,197,190,181,171,164,169,180,189,182,154,126,108,101
127,155,170,175,193,212,218,212,204,197,188,180,173,167,160,157,162,166,165,157,128,104,92,85
