116,151,184,195,190,188,192,199,207,219,229,232,226,212,195,176,161,150,142,135,128,112,100,100
163,202,225,222,214,204,195,193,200,211,225,227,211,182,154,135,122,112,108,114,117,112,101,91
176,210,222,206,186,171,165,158,154,164,195,204,180,136,99,82,75,66,59,74,89,105,101,80
154,178,185,169,147,134,131,117,98,100,137,153,129,82,52,40,40,39,39,57,77,98,95,69
140,157,165,163,158,139,116,93,72,65,87,107,88,43,23,15,20,35,58,83,97,98,83,63
136,150,159,157,143,95,54,42,49,66,135,191,168,82,24,8,8,17,35,56,76,82,77,70
141,148,144,123,86,52,36,36,48,80,171,231,210,124,37,14,15,20,24,34,56,79,92,93
161,165,154,122,81,63,58,65,81,112,196,242,227,160,70,46,40,35,30,34,66,110,135,131
187,196,185,155,125,115,108,116,132,151,216,246,236,190,118,101,94,83,72,77,114,162,182,166
206,220,212,184,161,159,168,172,169,175,231,249,243,215,161,153,170,174,160,160,181,205,204,179
211,232,238,228,218,213,213,183,160,203,241,250,244,226,186,136,157,196,208,209,214,214,201,183
218,233,241,239,231,218,204,176,169,221,234,236,229,213,187,136,125,152,188,201,207,208,201,193
222,230,231,221,204,180,155,147,164,192,170,172,173,157,133,115,91,95,133,163,182,192,194,193
215,222,213,187,155,121,99,114,142,129,80,82,94,83,60,74,70,64,79,117,146,164,173,176
193,201,187,149,104,70,73,114,142,101,49,41,48,48,47,73,82,67,52,71,95,121,143,153
171,180,163,120,76,60,96,150,177,145,87,46,30,37,62,114,132,106,63,51,60,86,117,137
157,171,148,96,59,79,136,184,198,177,134,95,69,66,92,142,163,145,104,72,70,83,106,130
151,172,149,93,57,85,130,157,157,141,119,101,83,72,82,111,128,126,109,97,106,106,111,127
146,174,162,116,82,84,89,86,79,78,75,73,68,61,57,55,58,66,81,110,140,136,123,125
137,170,175,152,138,148,121,85,80,122,147,150,144,136,125,94,68,76,114,144,159,146,126,121
131,165,171,158,167,193,189,171,164,184,198,196,187,177,164,147,143,158,177,173,154,131,118,117
122,163,175,167,183,209,220,215,205,202,197,188,180,173,169,171,182,197,203,185,148,121,112,115
123,164,180,177,190,210,221,218,206,191,172,158,148,145,152,164,177,187,188,173,136,109,101,104
138,165,178,178,192,209,219,217,204,184,160,140,127,125,135,146,160,167,163,150,117,94,86,85
