170,178,189,198,204,209,216,227,235,234,233,226,219,215,209,206,204,202,200,200,194,182,169,163
167,178,191,203,213,210,209,214,219,218,220,218,215,212,205,200,198,196,194,192,188,177,167,162
157,169,194,217,218,189,172,170,174,176,180,186,190,190,188,177,166,159,157,160,161,159,157,157
146,156,190,217,200,150,126,127,136,141,146,162,171,173,187,168,138,120,118,123,127,134,141,146
137,143,172,186,151,109,102,118,136,141,147,168,176,178,207,184,146,119,110,104,106,113,122,127
124,126,137,139,116,82,87,107,125,135,148,158,154,145,151,147,142,136,121,88,84,94,107,113
121,122,130,135,122,98,104,123,135,136,145,154,150,133,123,129,142,149,136,102,100,110,118,119
134,137,144,149,145,134,135,142,146,143,153,169,165,141,122,127,143,154,148,131,131,134,135,131
152,159,163,165,167,166,160,156,152,151,167,188,183,154,132,136,150,160,161,160,157,153,148,143
162,170,176,180,183,181,172,165,161,158,170,188,182,155,142,152,167,176,177,177,173,167,159,154
174,181,189,195,198,196,184,171,162,159,171,187,181,156,146,158,177,190,192,189,186,178,171,167
179,188,201,210,211,206,190,173,162,162,175,191,186,162,148,155,175,192,198,198,196,188,179,174
181,190,204,215,216,206,188,170,160,164,179,197,192,165,148,147,165,184,194,198,197,191,181,175
180,187,200,209,209,195,178,163,157,164,183,200,191,161,142,138,153,172,185,190,192,186,178,173
177,185,194,199,194,177,167,160,157,162,184,195,179,147,128,132,147,164,178,186,187,183,175,171
171,180,188,188,179,168,163,158,153,155,169,177,158,123,112,135,157,171,179,185,184,177,169,164
164,173,181,180,171,165,162,157,153,155,159,160,147,128,128,148,166,176,181,182,179,172,162,156
157,166,173,173,165,159,158,157,157,161,163,163,159,154,156,163,168,172,175,174,171,165,155,148
152,160,168,167,158,148,151,157,162,166,172,177,178,174,169,165,161,158,158,160,161,158,151,145
149,159,166,163,150,138,144,153,157,158,166,171,170,165,158,148,141,135,134,145,151,156,155,147
148,157,164,162,151,139,125,126,138,150,159,165,165,161,159,152,137,118,108,133,155,165,160,150
146,154,163,165,161,154,135,127,139,165,181,193,196,192,188,172,149,127,120,148,172,173,159,147
141,150,161,168,171,170,158,145,147,174,194,211,218,213,204,179,156,142,145,169,185,176,155,141
136,147,160,169,173,175,169,154,145,157,177,196,203,198,189,165,148,144,152,172,183,172,151,137
