51,71,94,103,102,129,145,164,186,203,211,218,222,223,224,223,210,192,174,160,149,143,118,81
68,90,107,114,120,137,154,175,195,207,214,217,217,215,212,203,184,160,139,121,106,104,96,78
80,91,94,95,103,114,131,154,177,194,205,208,204,192,175,155,130,105,88,75,64,64,72,79
77,71,62,57,62,71,83,103,132,160,182,192,185,162,130,104,80,64,57,56,56,58,66,76
68,54,42,39,42,44,47,58,83,117,151,173,168,139,104,80,66,60,61,69,78,85,81,71
81,70,62,60,59,57,57,60,71,93,133,171,175,146,112,91,76,64,57,61,71,86,95,93
101,91,79,71,68,65,70,77,79,86,130,185,198,164,128,109,97,85,74,75,85,102,114,113
117,108,92,82,83,82,93,104,103,98,137,198,216,185,152,136,125,117,111,111,117,133,142,139
130,124,111,103,106,109,121,131,128,119,150,205,225,201,178,168,160,157,158,156,159,171,175,167
144,146,142,134,130,134,143,146,140,134,164,213,231,211,196,195,197,200,201,196,198,205,203,189
152,159,165,165,161,165,171,168,156,146,176,222,235,213,201,204,217,228,232,227,226,226,218,205
158,165,178,187,191,195,196,184,162,151,186,229,237,211,196,198,216,235,244,244,242,235,225,215
157,165,180,196,206,209,202,181,157,154,194,233,235,208,189,184,195,214,230,237,237,230,220,212
150,159,175,191,201,202,187,162,143,153,191,224,224,199,184,173,173,182,196,209,213,210,202,197
139,147,161,174,182,181,162,138,124,137,167,191,192,177,172,172,171,167,164,171,179,182,179,177
130,137,146,154,158,152,138,121,105,100,115,134,140,136,141,158,167,161,146,139,146,154,159,160
119,128,135,136,133,127,121,111,98,87,90,100,108,115,126,144,154,152,141,133,136,143,149,151
110,122,129,125,117,111,110,107,101,96,97,101,107,116,128,138,141,138,132,133,138,144,147,149
108,121,127,121,113,107,103,100,102,109,117,122,126,130,137,139,133,122,116,124,137,146,149,147
108,121,126,123,117,107,95,86,89,107,119,128,136,144,145,138,125,114,111,117,131,142,145,143
97,118,127,123,122,117,107,95,93,114,134,152,164,166,158,144,137,138,138,131,131,135,137,135
92,119,127,120,120,121,120,112,107,121,143,164,176,174,164,153,154,160,158,141,132,129,128,126
89,119,126,114,112,117,123,123,118,122,137,153,161,160,153,149,155,160,152,129,115,109,106,102
83,116,125,112,106,109,117,122,121,119,123,131,136,137,134,136,142,144,133,102,85,81,77,69
