105,121,142,159,169,180,191,203,215,225,231,238,240,239,240,243,244,240,233,229,222,213,199,188
112,117,129,143,153,166,178,191,205,216,225,232,235,235,238,234,231,225,217,212,203,193,182,173
101,93,94,101,105,113,121,135,154,177,195,206,210,210,207,190,173,161,153,149,148,146,143,142
89,75,69,69,64,62,64,73,91,117,139,156,163,161,150,126,104,91,87,91,101,110,116,122
95,88,83,75,63,55,54,54,58,68,78,93,104,103,92,80,73,71,74,84,101,117,126,127
93,90,89,81,58,51,54,59,62,67,60,58,61,64,67,93,96,82,71,71,88,113,127,124
94,98,102,99,87,83,85,83,83,87,73,54,44,52,77,118,123,106,89,85,106,131,138,126
100,109,117,119,118,119,120,114,109,108,90,77,73,81,101,136,143,132,121,117,135,150,145,128
108,119,130,138,143,147,149,143,132,119,98,116,139,140,125,146,158,159,157,154,160,160,148,131
113,124,140,155,166,171,173,166,146,119,99,152,203,198,149,157,171,181,185,183,179,169,154,141
116,124,137,152,165,171,172,165,142,109,104,161,214,214,165,150,162,179,187,190,187,181,165,145
118,126,135,145,154,158,159,147,122,96,115,166,214,225,185,144,146,165,175,182,184,181,168,150
125,130,136,141,142,141,134,117,98,97,127,171,211,227,204,148,127,137,157,169,175,175,170,162
132,131,131,131,127,123,108,90,88,113,138,176,209,224,216,165,119,110,133,149,157,166,172,173
129,119,112,110,108,107,98,93,103,129,145,177,209,225,221,190,145,113,108,119,133,153,168,171
124,117,112,110,108,107,102,104,114,124,130,160,191,207,204,193,175,153,136,140,155,166,167,162
116,112,112,114,112,109,109,115,121,115,106,119,142,162,176,185,187,176,160,157,168,170,160,147
106,106,111,116,114,106,110,119,122,113,97,101,120,145,169,183,185,175,162,163,171,167,147,126
97,100,106,113,111,97,101,111,119,117,112,123,145,168,181,182,172,159,152,165,172,159,130,104
90,92,99,106,104,87,85,95,107,115,124,146,165,170,163,155,150,150,154,164,165,141,105,83
87,87,92,99,105,102,100,93,84,83,92,106,123,136,136,144,159,171,171,163,150,117,83,70
88,89,92,96,103,112,114,109,102,99,97,99,112,131,142,158,175,183,176,158,141,104,71,63
95,96,95,94,99,111,117,121,127,133,130,128,135,149,162,175,182,181,171,156,142,104,68,59
104,103,98,93,97,105,111,116,125,143,152,157,160,163,168,173,177,175,167,158,148,110,70,58
