42,59,91,116,123,134,148,162,172,180,192,202,204,202,207,221,235,245,248,244,239,234,228,221
72,68,82,98,101,116,133,152,168,177,188,197,199,198,203,212,224,233,237,234,229,226,223,218
87,72,70,75,70,74,82,99,121,143,165,180,185,183,183,179,173,172,179,187,195,201,204,204
85,73,69,67,55,44,38,41,60,93,130,155,166,163,152,131,104,91,100,119,144,165,180,186
86,82,82,80,65,52,37,28,32,55,99,135,155,152,126,89,57,41,48,68,97,131,159,170
93,95,89,73,54,50,33,26,31,39,78,133,173,173,127,73,45,37,43,60,74,97,127,152
105,111,99,77,66,70,66,64,61,52,78,144,199,205,154,90,65,66,73,85,95,105,124,147
122,124,112,96,91,94,95,92,83,72,94,155,210,224,190,139,112,109,119,131,142,149,158,170
141,134,124,117,116,115,111,104,96,93,112,162,209,228,217,193,168,158,166,181,193,201,207,209
156,144,134,131,131,133,133,128,119,113,124,167,210,229,221,220,213,206,206,217,228,234,237,237
163,147,139,142,145,150,153,146,132,119,133,174,213,228,217,217,228,233,228,231,238,242,244,245
162,148,141,146,155,161,161,150,131,117,135,174,212,230,218,210,219,233,238,237,239,241,241,240
154,145,141,146,156,164,160,143,122,114,127,157,190,212,211,202,203,216,231,234,236,236,233,229
138,135,136,142,150,156,152,133,112,106,103,120,142,161,179,189,190,196,212,221,226,226,222,217
119,116,125,137,140,143,139,124,102,83,65,76,88,94,117,166,181,182,191,200,207,210,208,204
104,95,107,127,132,133,130,122,106,85,64,70,86,101,120,172,189,182,175,184,190,194,194,192
97,73,81,111,126,128,124,118,105,80,63,71,98,130,156,195,205,187,163,167,174,180,182,181
98,58,56,90,117,121,114,105,91,69,58,71,98,129,165,196,206,190,164,157,164,172,171,164
106,56,39,66,99,106,96,83,72,61,58,75,89,100,131,162,184,186,171,157,162,166,156,137
118,65,35,49,78,81,68,59,61,64,67,87,98,93,96,125,155,169,165,161,163,151,123,95
131,89,46,37,60,62,54,51,54,53,51,58,64,65,70,87,103,116,127,142,150,122,82,63
147,131,76,32,46,63,65,61,53,42,33,29,32,41,59,74,79,84,99,127,130,94,57,50
173,173,109,38,36,66,80,77,63,46,36,33,39,57,86,103,103,97,102,125,110,73,49,53
204,194,128,52,34,61,82,88,79,64,58,60,75,103,136,150,147,134,125,132,100,64,51,60
