38,37,63,95,104,115,131,148,164,174,184,195,201,199,196,199,209,220,228,227,209,191,171,152
79,50,57,81,82,91,106,127,151,167,179,191,198,197,197,204,215,227,236,236,228,220,210,198
108,63,55,73,65,63,66,78,99,125,151,172,183,185,184,187,187,191,199,206,211,215,216,214
110,71,64,76,63,49,39,35,44,70,110,144,162,166,160,149,129,118,123,138,157,175,188,194
102,81,79,84,67,55,41,30,28,41,78,120,148,154,139,109,74,52,53,70,100,134,161,172
101,97,92,79,59,57,49,40,36,38,61,114,160,173,144,91,54,39,42,55,74,104,135,152
104,112,107,90,77,76,74,71,65,56,68,125,182,202,169,101,63,55,59,64,78,91,110,133
114,123,120,107,101,100,98,95,87,76,87,140,196,220,198,141,103,93,100,106,116,121,130,145
129,132,129,124,121,121,118,111,101,95,108,152,200,224,217,189,158,144,151,162,170,177,182,185
144,140,137,137,136,139,139,134,123,114,122,161,204,227,221,217,204,193,191,201,212,220,223,222
155,144,139,143,149,154,155,148,133,119,131,170,210,228,218,218,225,226,222,227,234,239,240,241
158,146,140,145,155,162,160,148,129,116,134,173,211,230,218,211,221,233,236,235,239,242,243,243
150,142,139,144,153,161,157,139,120,113,126,156,191,214,212,202,207,222,234,234,237,238,237,233
132,128,132,140,146,151,146,128,109,103,101,120,145,167,184,190,193,202,218,226,230,231,225,217
112,109,119,133,136,138,134,120,99,79,65,77,90,100,131,171,183,186,197,208,217,219,211,200
97,86,99,122,130,131,128,119,103,81,64,72,88,102,125,173,185,180,181,191,199,202,195,184
86,65,76,108,124,124,120,113,97,73,64,75,103,135,160,195,197,179,166,174,182,186,181,170
84,52,55,90,113,113,107,96,80,63,61,76,105,142,175,201,202,181,159,161,170,176,169,154
90,50,41,70,97,93,85,74,65,60,63,78,94,112,146,175,190,182,162,157,164,167,153,130
98,55,35,53,77,65,58,58,62,64,73,92,97,93,111,144,169,174,165,160,162,151,124,95
115,75,41,40,63,57,54,53,51,48,50,60,66,69,82,103,123,136,144,157,151,119,81,61
132,110,60,30,55,66,68,61,47,36,31,30,35,48,67,77,85,97,116,143,125,85,54,46
135,128,74,27,47,72,82,74,58,43,36,35,45,65,89,93,88,89,106,130,99,64,45,43
124,120,74,29,38,64,81,83,73,60,59,67,86,113,135,135,121,113,118,125,87,58,45,40
