215,230,243,246,246,246,246,248,251,253,254,254,253,250,248,245,241,236,233,232,229,206,164,129
197,225,241,241,239,238,238,242,249,252,254,254,252,246,238,227,214,206,203,207,216,201,163,126
180,203,210,198,186,170,160,162,178,209,240,249,247,230,187,144,118,109,113,124,142,147,132,111
163,169,159,138,116,91,75,71,89,144,217,244,241,205,122,59,29,24,33,47,67,83,90,90
145,139,123,99,77,66,62,59,66,107,202,244,236,184,91,47,27,22,28,41,62,71,75,80
151,157,134,96,71,54,67,93,114,132,206,244,232,181,121,87,46,29,44,56,84,107,113,103
174,186,164,131,119,90,113,149,167,168,217,244,232,194,164,149,108,91,113,120,135,152,154,139
200,214,205,185,180,161,174,191,193,190,226,245,234,205,187,185,167,162,178,184,192,197,189,171
218,233,238,230,224,222,221,212,200,199,230,246,236,209,191,196,205,212,216,223,231,227,209,188
222,237,248,247,240,235,233,222,209,212,232,244,237,215,198,212,224,232,239,241,240,230,209,188
218,236,247,247,246,245,243,231,217,219,233,245,239,217,202,221,236,243,246,245,240,227,205,182
211,233,247,250,252,252,247,232,216,219,233,246,240,217,200,222,241,248,248,245,237,220,194,171
202,226,244,250,253,252,244,228,215,220,237,248,240,218,201,220,239,247,247,243,232,209,177,153
190,218,239,245,246,243,234,220,211,216,235,245,235,214,203,214,230,240,242,239,225,193,155,132
177,210,233,237,233,230,220,202,184,184,204,218,209,188,186,202,217,226,229,230,214,176,136,116
167,201,223,222,215,218,209,175,134,117,133,146,136,120,139,184,211,216,212,216,198,162,125,104
160,194,213,207,199,201,193,166,133,116,117,122,121,121,142,180,203,207,204,204,186,153,117,92
151,189,208,201,191,187,186,179,169,163,161,161,164,170,179,190,195,199,205,203,180,146,108,78
141,182,208,206,192,175,175,181,189,198,208,212,210,205,200,190,183,191,210,209,177,137,95,62
129,171,205,211,195,155,123,124,149,170,187,193,189,178,162,143,151,183,215,208,169,123,78,47
116,156,198,217,208,185,141,128,154,186,199,202,197,178,146,126,154,197,217,198,153,103,60,38
103,136,183,214,220,213,185,165,167,186,203,205,197,185,172,170,192,214,212,176,130,85,52,36
99,121,162,200,221,221,214,201,191,194,210,211,206,203,209,217,223,219,197,148,106,75,55,44
104,116,146,183,213,219,214,214,220,224,228,229,229,228,224,223,222,211,179,127,91,72,63,55
