153,191,226,241,246,247,249,251,252,252,252,253,253,253,253,252,248,243,239,240,235,227,211,192
156,193,222,231,231,235,238,242,248,253,254,254,255,254,252,243,223,206,199,190,176,177,180,172
155,179,182,167,160,155,153,160,184,224,246,253,253,248,232,195,148,117,114,123,133,136,135,134
151,162,151,131,128,120,104,98,121,179,228,248,249,238,204,146,93,69,82,113,142,143,129,121
154,162,172,182,192,193,168,140,129,150,204,237,246,230,189,141,115,118,139,162,170,177,173,156
174,183,176,157,136,103,108,134,149,140,183,231,245,218,170,152,136,104,68,70,97,136,166,173
196,204,179,146,132,85,113,165,186,164,180,225,239,212,183,179,181,140,73,77,97,136,175,193
216,224,205,182,179,153,175,207,211,186,188,224,235,211,198,206,216,194,149,149,157,181,207,218
231,238,237,232,231,233,236,235,221,197,200,229,235,214,207,223,232,232,228,220,221,231,238,236
234,240,243,244,245,247,246,241,227,210,213,235,238,220,219,231,241,244,244,242,241,241,241,238
234,241,245,246,249,248,247,243,231,217,224,240,240,225,224,235,243,247,250,251,251,247,242,237
233,240,246,249,252,250,249,243,229,215,226,243,242,226,222,233,244,251,251,251,250,248,243,235
229,238,247,251,251,251,248,236,221,212,229,245,242,226,220,226,240,251,251,251,250,249,242,233
223,236,246,249,247,249,242,223,205,208,233,248,241,225,219,213,229,245,249,251,251,248,240,229
214,229,241,246,246,244,235,208,181,187,224,239,231,215,206,193,213,237,242,245,245,243,233,220
196,215,233,239,239,237,230,197,147,114,146,167,159,137,143,170,208,231,232,236,237,232,216,197
175,197,219,228,222,220,211,189,155,124,132,145,149,148,158,178,202,216,218,216,221,214,194,173
160,185,214,222,207,196,188,183,180,176,176,183,193,200,201,197,195,196,199,197,207,201,180,159
155,184,218,229,207,174,155,160,180,199,214,225,227,219,205,190,172,166,177,193,208,200,176,157
152,181,219,241,227,166,96,90,133,164,179,188,189,180,160,137,103,108,163,209,224,204,174,156
143,174,213,238,239,207,128,98,131,174,198,199,201,201,173,142,107,127,200,230,224,204,177,154
123,156,197,226,239,231,174,136,142,176,203,203,199,193,164,141,137,173,227,237,218,199,170,136
97,131,172,206,229,230,200,167,156,175,201,206,198,180,154,142,166,206,232,231,208,183,146,104
78,110,152,189,216,223,204,177,165,182,206,219,213,192,168,158,180,211,227,222,199,164,118,79
