82,129,166,180,188,191,192,191,189,184,178,172,168,165,159,152,139,123,110,96,84,91,95,83
81,120,148,157,163,165,166,168,171,173,171,166,165,166,166,161,150,138,125,114,105,99,91,78
91,113,127,129,129,123,119,123,134,149,157,158,159,161,160,148,135,122,111,104,98,89,77,69
95,112,119,115,107,90,81,85,102,124,144,152,154,153,142,120,99,85,78,76,75,70,65,61
88,117,125,111,96,76,67,74,92,111,138,152,155,146,125,94,72,60,57,62,65,66,64,62
116,124,111,85,65,48,49,64,86,108,140,159,161,143,109,79,64,57,51,50,55,62,66,65
126,135,124,98,78,62,65,80,99,121,148,170,167,137,94,71,68,63,47,36,39,49,58,63
135,154,151,130,114,99,99,109,125,144,161,178,169,131,89,76,85,84,63,45,45,50,57,63
149,173,177,161,148,137,134,141,153,165,172,181,166,129,95,91,105,109,93,77,72,69,70,73
160,182,189,180,169,161,163,169,175,178,178,179,164,131,103,104,117,123,117,107,99,95,93,93
161,182,194,192,186,183,185,187,186,184,180,179,164,133,108,112,124,133,133,128,122,119,116,110
166,182,193,195,194,192,192,191,189,187,183,184,169,137,112,120,133,142,147,146,143,138,129,120
168,179,188,189,187,184,180,180,182,184,185,188,173,140,113,121,135,146,152,152,152,145,131,120
161,172,179,176,168,161,157,162,172,177,185,189,174,142,113,113,125,139,147,147,146,139,124,112
149,160,164,157,145,135,135,148,165,173,182,187,171,139,110,100,106,120,132,137,136,130,116,101
137,145,147,137,122,119,133,150,159,160,170,174,158,126,100,86,86,98,115,126,126,119,106,93
131,137,133,121,114,123,142,157,159,151,151,150,131,101,82,73,76,88,103,115,114,108,95,80
130,136,130,117,116,131,149,163,166,155,143,130,109,84,73,71,76,85,94,103,103,98,85,69
132,141,137,123,117,125,144,161,169,164,150,129,104,85,80,79,80,82,85,93,96,92,78,65
136,148,147,131,111,102,119,141,154,155,153,139,118,101,93,86,78,72,73,85,95,90,75,61
132,148,154,145,133,116,122,138,149,145,140,127,112,98,90,79,63,55,66,92,106,96,71,54
123,146,159,159,158,150,147,151,156,150,142,129,115,102,91,77,62,59,76,106,115,98,71,56
98,123,140,146,153,158,155,155,159,159,152,140,126,111,97,84,75,76,91,116,115,94,70,56
64,85,102,110,119,131,133,141,154,159,154,146,134,117,103,93,88,89,99,116,109,89,65,48
