14,18,26,33,37,42,46,50,54,58,61,63,66,68,72,80,93,108,126,147,156,161,156,141
47,31,27,34,37,42,45,49,54,60,67,75,84,95,107,119,132,146,163,180,188,194,190,178
66,40,30,36,38,39,40,41,45,53,66,84,107,131,148,155,157,156,157,162,167,175,180,180
66,42,32,36,38,36,35,33,33,39,54,82,121,159,177,169,151,129,111,107,114,128,144,155
67,44,33,37,40,41,44,40,32,29,40,74,125,175,192,173,137,100,76,73,91,114,134,145
82,60,48,54,65,73,81,71,47,28,36,77,139,194,205,185,149,110,82,76,96,116,131,140
96,85,78,81,88,98,107,96,66,39,43,86,150,202,210,195,167,134,109,107,128,149,160,162
108,107,110,114,116,120,124,111,82,53,55,98,159,206,214,203,184,162,145,146,162,180,189,189
118,121,132,142,143,142,137,119,89,63,63,108,168,211,221,212,201,191,182,181,189,199,206,208
122,124,139,156,161,159,147,119,85,63,66,114,174,217,231,225,221,218,212,209,212,214,216,217
126,125,140,161,167,165,145,107,72,63,70,119,180,224,234,230,230,230,226,222,227,229,228,228
126,120,134,157,166,160,129,89,61,62,75,127,190,231,233,229,230,231,228,226,236,243,241,236
120,109,123,148,154,137,100,69,57,63,81,136,198,234,230,227,226,224,222,225,239,247,244,234
111,98,111,132,129,99,68,54,56,65,88,144,201,230,228,226,218,209,207,217,232,238,232,222
102,90,98,107,89,61,48,48,54,64,94,150,199,222,224,223,211,192,179,188,207,217,214,204
93,81,74,68,51,42,41,43,45,53,87,139,182,201,200,202,199,181,156,148,170,193,198,187
85,67,51,41,35,35,39,40,40,44,72,112,148,167,172,183,189,178,150,123,134,166,183,172
75,52,34,29,28,32,36,39,41,49,77,110,139,158,169,180,185,177,151,115,108,141,166,157
64,42,27,24,23,24,29,37,46,63,100,133,159,176,185,185,179,164,141,112,99,127,153,147
62,42,28,25,21,16,20,32,49,68,96,128,157,174,177,172,156,134,114,104,106,133,155,151
66,47,37,37,34,26,25,38,64,94,124,151,171,182,179,163,140,126,127,128,132,152,158,142
60,53,54,55,48,43,41,50,71,99,132,156,171,176,172,159,149,152,159,153,155,166,159,134
45,53,63,64,53,53,56,65,80,99,125,145,159,166,166,165,172,182,184,170,168,170,153,122
31,46,58,58,51,52,60,77,98,111,121,134,151,165,171,177,186,191,187,175,173,166,141,108
