129,180,211,210,204,197,191,192,199,210,217,219,219,217,212,208,205,201,196,192,185,180,171,159
148,188,208,201,192,178,162,157,168,191,207,215,218,217,215,213,211,208,206,205,205,206,204,197
164,191,201,191,183,167,140,123,129,160,189,204,210,211,209,205,197,184,172,174,184,200,211,213
169,188,194,188,184,175,153,133,130,153,180,195,201,202,198,190,175,150,127,129,149,173,193,202
165,184,194,192,188,186,184,181,178,182,189,196,200,199,192,184,171,149,128,129,150,169,183,190
165,184,190,180,169,154,144,149,164,177,188,202,210,208,197,189,184,177,168,168,178,188,192,192
169,184,187,178,169,150,134,143,166,177,186,200,210,207,194,187,184,173,151,136,149,170,184,187
173,186,191,188,183,171,159,163,177,182,184,199,210,207,189,184,182,168,139,115,131,154,171,180
179,193,201,201,199,195,190,187,186,185,185,203,217,212,187,183,184,176,156,140,153,164,172,180
190,200,206,206,206,204,198,195,191,185,188,210,226,218,188,184,187,189,186,185,190,193,194,195
202,209,210,208,209,208,207,205,199,188,195,214,225,215,189,187,194,198,197,199,204,209,211,210
210,213,213,211,211,212,213,210,202,195,205,220,225,216,198,193,200,208,209,210,213,217,217,215
211,211,209,209,209,210,210,205,199,200,211,224,228,219,204,196,202,211,215,215,217,218,216,213
208,207,205,204,204,204,202,197,195,202,212,225,228,219,206,194,198,207,211,212,212,212,210,206
205,210,210,207,206,204,200,197,196,200,209,218,220,213,207,193,190,196,203,205,205,204,201,196
201,209,211,209,207,205,200,194,187,179,188,195,191,185,194,190,189,192,196,199,197,197,193,187
195,205,210,207,205,202,199,193,180,161,165,160,145,139,168,186,191,192,195,199,200,200,195,185
190,201,206,204,201,199,199,194,174,145,142,134,121,123,164,191,196,194,195,198,200,203,196,182
186,197,203,200,197,195,194,184,157,117,109,112,118,138,180,200,200,194,190,192,194,197,191,177
179,192,199,194,185,176,167,145,107,62,53,60,79,115,165,188,192,187,183,187,190,193,185,170
171,188,196,180,144,117,108,92,62,32,42,53,54,66,116,152,156,149,154,178,189,191,178,158
158,183,194,162,98,77,82,76,56,43,61,63,47,38,69,100,95,83,100,160,186,189,172,147
132,163,176,142,76,77,97,102,92,90,105,102,84,69,73,83,65,46,67,146,181,185,163,134
106,133,147,125,85,100,126,136,135,139,149,153,147,135,123,115,86,62,75,144,177,179,152,120
