127,153,174,185,196,207,215,223,232,238,245,251,253,252,250,247,245,246,248,252,253,249,214,163
164,196,219,224,229,233,236,239,245,248,251,253,253,249,242,232,228,232,242,248,251,252,223,172
193,222,240,240,235,227,221,225,236,245,249,251,248,240,226,202,188,194,216,233,243,248,226,183
201,221,232,227,213,191,179,187,207,228,242,247,243,230,209,178,144,137,165,198,221,236,224,190
199,215,221,209,183,154,151,163,184,211,237,247,242,227,207,181,129,98,115,159,195,225,223,195
196,206,200,171,135,108,139,175,194,212,236,248,246,236,227,221,184,156,163,190,207,227,229,208
202,201,181,159,156,145,181,211,220,224,237,247,249,243,240,239,226,215,217,228,234,243,239,220
212,209,194,187,200,202,221,234,234,232,239,248,252,249,247,245,244,244,245,249,251,254,246,228
221,224,224,226,232,235,238,238,235,233,241,250,254,253,252,250,250,250,251,253,254,255,248,234
229,233,236,237,239,241,241,239,236,233,240,250,255,255,254,254,254,255,255,255,255,255,250,240
231,235,240,242,243,245,244,240,234,231,239,249,255,255,253,253,254,255,255,255,255,255,252,246
231,235,239,242,244,245,243,238,232,230,240,251,255,255,253,251,252,254,255,255,255,255,254,251
229,232,236,240,244,245,243,238,232,229,241,251,254,253,250,247,249,252,253,254,254,255,254,254
224,229,234,238,242,244,243,238,228,217,227,240,245,242,238,241,244,248,250,252,252,252,253,253
214,224,233,237,239,241,242,237,216,181,183,207,221,219,218,233,242,244,245,246,245,246,248,250
203,217,229,233,236,238,240,236,216,174,146,152,178,207,225,239,244,244,243,242,241,241,243,245
192,208,223,230,233,237,238,237,226,201,175,168,187,218,237,245,246,244,241,240,239,240,241,242
177,196,215,226,232,236,237,238,235,229,220,214,220,236,245,247,242,237,237,239,240,240,240,241
156,179,205,222,230,234,236,234,229,225,225,229,234,236,233,226,218,219,229,239,241,240,239,239
139,158,189,215,226,231,232,218,196,178,177,190,202,202,186,161,163,191,225,237,239,238,236,236
116,128,163,202,220,229,229,206,165,131,136,166,193,201,191,179,191,216,235,237,237,234,233,233
99,95,126,175,205,222,229,216,189,166,174,197,216,222,218,216,225,236,240,237,235,233,230,227
75,63,90,143,183,211,226,228,222,216,220,227,230,229,227,228,231,233,229,221,214,211,206,198
47,43,70,121,165,200,220,226,222,215,214,216,216,213,210,210,216,218,209,194,179,174,168,158
