158,174,190,202,215,224,230,234,237,239,244,248,249,248,247,244,236,222,204,186,176,172,160,140
169,192,208,213,219,229,237,242,245,246,247,248,247,246,242,228,205,173,141,118,113,126,136,131
163,185,181,158,150,158,172,189,211,232,241,241,238,226,194,152,116,86,63,50,52,68,86,95
134,140,115,77,62,63,75,97,131,174,204,213,206,177,119,65,35,23,21,23,29,37,49,61
99,81,60,45,37,29,25,29,48,88,141,168,156,113,59,32,22,20,23,30,34,40,48,55
78,76,66,52,44,37,26,21,27,50,107,168,163,96,42,24,18,19,24,32,37,36,35,40
65,61,54,49,50,38,24,19,24,44,109,187,188,111,48,32,26,24,25,26,32,35,38,43
68,55,44,43,47,37,30,29,41,72,137,204,201,132,74,56,45,38,33,31,35,44,57,67
93,81,63,50,45,41,43,57,82,119,173,213,199,145,109,99,90,79,70,66,70,84,99,108
138,142,122,89,69,62,71,104,143,165,200,220,199,155,138,156,165,159,146,140,148,161,164,154
169,186,188,171,153,152,168,189,197,188,215,232,212,170,151,182,205,211,210,210,210,207,193,176
175,200,217,218,213,213,220,223,213,198,225,240,224,187,160,178,205,223,227,229,227,219,200,180
166,197,222,231,234,233,229,221,204,179,188,192,174,145,132,145,163,176,184,199,206,199,180,160
148,187,217,226,227,218,201,193,175,127,108,98,80,64,74,94,106,107,109,139,156,154,138,125
126,166,199,209,204,172,136,137,131,63,40,37,35,31,36,54,82,86,67,74,90,96,94,90
105,137,165,170,152,106,95,123,133,73,49,40,37,40,52,72,100,102,72,49,53,63,70,72
90,109,124,119,96,61,83,129,150,119,93,73,65,69,87,106,119,111,81,49,40,49,63,67
82,95,99,85,59,44,83,129,148,137,111,88,75,75,85,95,97,86,65,45,37,51,69,71
79,96,101,82,52,44,72,100,108,99,82,70,62,57,49,45,43,39,34,34,47,69,82,78
75,97,113,104,71,50,46,42,37,40,47,60,72,73,56,38,31,28,32,60,87,99,91,76
74,89,112,125,120,106,99,79,58,62,71,85,91,84,77,69,65,66,77,109,119,104,80,68
71,79,94,114,136,149,160,145,116,104,104,106,103,95,89,82,81,89,108,135,129,94,65,61
74,79,79,88,119,159,187,183,153,121,110,101,93,87,81,74,76,92,116,136,118,82,58,61
83,89,80,73,98,149,179,176,147,111,90,77,69,63,60,63,70,88,114,128,104,74,62,67
