137,172,196,205,215,226,231,234,238,242,246,248,249,247,245,238,225,206,187,174,174,161,131,101
145,186,210,213,218,230,237,244,247,247,247,247,247,244,232,209,177,143,118,111,126,133,120,100
144,176,174,148,143,155,169,191,216,234,240,239,229,202,157,119,88,64,50,52,69,82,87,87
124,131,104,64,52,58,70,98,139,183,205,207,182,131,69,35,22,20,23,30,37,46,59,71
93,73,56,46,37,28,25,30,54,100,149,158,122,66,34,23,20,22,28,34,38,48,59,65
76,72,61,50,45,36,25,21,32,66,149,181,132,52,27,18,18,21,27,34,33,38,48,58
67,58,50,46,43,29,21,22,34,70,165,205,152,64,44,30,29,31,32,38,40,47,58,67
76,58,46,46,46,35,31,38,61,106,188,214,166,93,73,57,48,41,36,40,54,76,93,96
106,95,77,61,57,56,62,82,113,152,208,211,170,125,114,110,98,84,77,81,99,124,134,125
147,165,148,106,83,84,112,152,181,187,221,211,174,148,162,188,193,186,183,187,192,180,156,135
161,190,203,195,186,188,200,207,204,201,230,228,193,158,168,203,219,221,222,220,215,194,163,140
158,196,223,229,230,230,231,221,206,202,225,221,184,152,171,190,200,208,218,221,213,185,150,128
146,191,222,230,233,225,214,201,178,145,153,145,117,98,123,138,138,145,166,181,176,151,122,107
130,175,209,218,214,187,167,161,134,63,54,47,37,34,53,83,81,76,92,115,117,105,92,87
112,150,182,188,168,114,110,124,110,50,39,34,35,42,58,93,97,75,54,64,72,75,76,76
97,120,137,131,104,69,102,139,135,87,66,57,59,72,93,118,113,83,50,40,53,63,68,72
88,100,104,89,60,53,102,147,154,125,98,81,75,79,91,100,94,73,48,33,51,65,71,72
83,95,97,76,44,47,81,109,116,104,87,74,69,67,62,59,52,44,40,45,68,77,75,73
79,100,110,94,59,52,52,50,44,42,47,51,56,55,40,34,26,29,47,76,95,88,73,70
75,93,118,128,112,98,75,53,43,50,64,69,70,67,55,54,58,77,105,118,106,82,65,65
76,81,96,119,140,156,156,135,110,107,113,112,108,101,87,81,84,103,130,132,91,66,61,61
82,84,81,88,120,170,188,170,135,112,105,97,91,86,78,78,91,120,144,122,77,58,58,58
91,97,80,65,89,154,179,165,131,98,80,68,62,60,62,71,96,129,142,101,68,55,54,52
99,108,87,63,81,140,169,162,134,106,85,72,67,68,71,79,107,131,126,86,63,53,49,45
