46,75,119,161,191,209,220,227,232,235,239,240,240,241,242,242,239,234,227,216,190,139,81,46
45,75,115,148,170,184,196,207,218,227,234,237,238,238,236,227,217,210,205,199,185,142,87,51
50,74,99,114,120,125,131,146,171,199,217,224,226,219,198,165,146,143,147,148,153,137,101,68
59,72,82,85,90,91,86,93,118,157,188,205,206,190,150,106,91,98,110,113,119,121,109,88
69,70,74,87,108,117,108,94,93,117,159,188,192,167,124,100,104,123,138,131,113,106,105,104
79,75,75,83,96,105,105,95,88,101,150,192,198,165,122,99,102,118,132,131,122,115,115,120
90,79,71,71,75,75,82,87,88,94,143,193,203,166,120,93,84,85,90,97,102,113,127,136
103,85,73,75,82,77,90,105,108,104,142,191,202,174,142,111,91,83,85,91,93,109,134,149
118,102,91,95,107,104,118,134,135,121,148,189,200,183,175,149,124,112,114,118,112,124,147,163
134,134,126,120,122,120,130,144,145,128,158,192,200,187,187,179,157,140,139,145,154,166,177,181
144,153,161,166,172,173,178,173,154,136,169,198,201,191,197,208,206,198,194,194,197,200,199,195
149,159,180,203,218,219,211,183,151,144,185,207,204,194,199,217,228,231,231,231,222,214,207,202
147,155,182,215,236,236,217,177,145,156,201,220,212,197,196,210,227,239,243,243,230,217,207,201
141,148,173,205,225,225,201,160,135,160,208,225,213,192,185,194,213,228,233,234,225,214,203,196
138,141,161,189,206,203,172,131,112,140,188,202,187,166,164,172,189,203,210,218,214,208,199,192
136,135,151,171,175,166,143,107,82,95,136,147,134,123,141,171,186,182,176,193,199,200,197,192
132,130,140,149,144,142,128,102,79,81,105,117,120,128,151,179,193,182,158,163,180,191,193,191
128,127,134,139,133,134,125,108,94,96,114,131,145,157,171,183,193,183,157,147,167,184,189,187
124,126,136,145,145,135,117,103,101,112,136,158,167,165,164,164,165,164,160,155,170,184,187,183
120,129,144,158,160,129,91,73,77,91,114,135,141,130,119,106,101,120,158,181,189,190,187,180
116,129,145,160,169,150,106,80,89,122,149,169,176,171,154,117,105,132,179,200,199,192,184,178
113,122,136,150,159,160,133,106,106,141,175,197,201,189,165,136,140,169,200,205,199,186,176,177
106,112,123,134,141,153,147,128,118,140,173,197,199,180,155,149,172,198,207,201,192,175,169,178
96,104,115,124,130,142,143,132,123,134,157,179,185,172,153,160,184,202,203,195,183,168,167,182
