32,33,34,35,36,39,48,61,78,96,96,92,87,79,67,48,36,32,31,30,29,32,36,38
34,38,49,53,42,35,38,44,54,70,83,85,76,61,46,38,31,30,35,36,36,38,46,54
30,34,45,49,35,27,26,31,39,51,71,78,71,55,35,29,25,25,28,30,32,33,39,47
25,25,28,29,23,21,20,26,35,43,62,69,64,51,33,25,24,22,19,20,26,26,26,30
25,21,21,24,21,22,21,22,27,36,54,59,49,34,27,24,26,25,20,21,30,30,28,31
28,24,24,26,27,26,25,25,28,37,59,67,53,32,32,26,24,24,25,27,31,32,35,41
33,27,25,26,28,28,28,28,30,37,66,83,72,44,31,30,31,32,32,34,38,44,49,52
38,33,30,31,33,34,34,32,32,43,75,95,91,64,32,32,38,41,41,42,46,54,60,59
40,38,38,39,40,42,39,34,35,52,80,99,103,84,43,35,39,45,47,47,50,58,63,61
40,39,40,42,43,43,38,34,39,60,80,100,107,94,66,41,36,40,44,46,48,54,62,65
54,44,39,41,42,39,33,33,45,62,81,101,109,102,82,56,41,36,35,37,40,49,67,83
62,60,60,59,52,44,39,45,57,69,89,107,120,119,93,81,65,48,40,49,60,70,79,85
64,68,72,68,54,46,46,53,62,70,90,104,115,114,88,84,74,59,51,57,71,80,80,75
65,62,62,58,44,44,47,50,52,57,74,84,85,78,64,60,61,62,59,55,63,69,68,64
65,55,49,45,41,44,43,38,32,32,40,46,43,35,31,35,48,57,59,57,58,62,63,60
47,46,44,41,34,29,27,24,20,19,20,25,25,19,20,23,31,36,36,36,47,57,60,57
53,46,44,39,26,21,20,18,17,19,30,34,31,24,20,20,24,26,23,22,33,49,58,55
84,55,43,40,23,19,19,24,28,31,45,46,40,33,27,27,28,26,20,19,28,45,56,54
135,70,40,42,29,23,23,34,48,52,59,58,54,50,44,44,40,33,26,30,39,50,54,51
197,90,36,43,43,38,31,40,60,73,93,99,102,97,73,67,58,51,52,58,61,57,50,47
233,121,48,41,47,46,39,40,48,56,64,68,71,72,71,75,70,64,66,71,68,56,46,44
247,179,88,35,45,47,43,40,41,49,56,56,53,54,60,64,65,66,69,72,64,52,43,40
250,233,148,58,40,43,44,41,41,47,54,51,48,48,51,55,60,64,67,68,58,46,39,38
250,252,196,104,38,41,43,42,40,38,36,35,35,39,47,59,64,65,66,65,55,43,36,38
