128,149,176,199,217,228,235,237,236,237,236,236,235,233,227,221,215,214,214,207,188,177,167,155
139,158,179,197,213,222,227,229,230,232,233,233,233,233,232,228,226,226,225,219,207,194,180,169
146,162,175,182,189,187,185,186,193,205,215,220,223,226,227,222,218,214,212,208,206,198,185,177
144,152,154,152,152,141,131,130,141,159,177,191,200,203,201,194,183,173,168,167,175,177,175,171
137,130,121,119,122,111,98,96,105,116,130,155,169,167,161,151,136,123,116,115,128,143,154,158
129,124,113,109,115,99,82,82,97,109,117,144,160,152,133,119,111,105,101,100,108,120,133,143
126,138,138,134,138,120,102,96,103,114,119,151,171,158,125,113,110,103,89,82,97,113,125,132
129,151,161,160,160,147,133,123,121,128,129,163,187,173,131,122,121,117,107,101,108,116,122,127
137,155,171,176,174,168,159,151,146,143,143,173,196,183,141,135,138,142,142,141,132,128,131,136
150,159,173,183,187,186,182,173,162,152,156,180,195,182,148,146,159,167,163,158,148,153,161,161
163,165,172,181,191,191,187,177,165,161,169,187,196,185,161,148,162,181,186,182,173,173,175,171
170,174,180,188,195,192,180,169,164,166,174,192,198,185,166,148,150,165,181,189,182,178,176,169
168,175,185,193,193,177,158,153,160,168,176,196,201,186,168,149,141,150,168,179,177,176,173,166
159,166,176,181,173,148,136,140,152,161,172,193,199,182,164,148,141,147,163,168,172,175,171,164
151,153,155,149,134,126,136,144,144,142,155,175,180,166,148,143,138,144,161,176,179,177,168,157
146,146,144,135,123,129,142,150,148,138,133,133,136,138,140,145,145,145,151,163,165,163,155,145
141,146,144,130,112,117,130,142,149,150,145,140,139,145,152,151,147,143,143,151,153,153,146,136
135,146,151,137,110,98,114,135,149,157,158,154,152,154,157,146,130,123,131,147,150,149,141,128
127,141,156,154,130,99,113,140,156,161,163,160,157,154,151,134,106,99,123,152,153,148,136,118
115,129,152,171,171,142,134,147,171,191,202,200,193,183,166,142,118,119,144,161,151,142,126,103
105,122,144,166,181,164,146,144,158,176,184,188,185,175,157,142,140,151,163,158,145,133,111,83
99,119,136,153,175,169,155,147,152,167,173,177,177,169,154,147,157,169,167,146,136,122,96,68
88,107,120,133,154,158,154,147,147,161,168,172,171,166,157,157,166,170,160,135,127,114,86,57
75,88,100,112,129,141,142,138,137,147,158,163,163,160,158,162,168,166,151,132,124,109,80,50
