105,160,197,205,213,217,221,221,220,221,225,230,231,228,221,207,197,186,176,177,168,162,152,138
110,146,166,170,179,186,193,196,195,195,204,217,226,225,216,202,192,187,186,190,188,187,179,166
105,116,121,122,129,131,134,135,133,135,147,168,186,190,176,158,148,149,156,160,160,159,156,152
93,94,91,89,88,82,78,74,72,76,87,110,132,138,121,100,90,92,98,102,101,100,103,108
90,96,91,79,70,60,53,49,48,51,61,85,106,109,87,67,57,54,56,58,62,68,76,81
107,110,99,80,66,50,44,44,48,52,61,95,124,119,78,60,49,43,42,40,43,54,66,73
133,151,140,111,91,76,66,63,65,69,72,108,140,130,79,61,51,46,45,42,46,55,66,72
159,192,190,158,132,113,102,99,99,98,92,140,181,166,100,74,65,61,59,59,65,73,82,88
177,217,229,207,182,164,154,150,142,124,118,180,229,209,131,91,85,87,84,87,94,103,113,119
187,222,243,242,236,227,219,206,176,133,145,204,242,218,148,102,103,119,123,124,129,138,149,156
196,220,238,242,238,233,224,206,169,127,174,225,245,223,165,106,108,139,164,177,186,188,189,189
195,205,217,220,208,192,176,159,143,143,202,240,248,230,188,116,100,128,164,186,198,202,201,201
177,173,174,173,158,138,121,121,140,174,218,242,245,231,199,135,99,103,132,153,167,177,183,185
148,133,123,116,107,94,88,109,149,182,204,219,222,209,183,144,103,84,92,106,119,133,143,148
119,106,91,81,73,71,76,92,111,123,147,166,168,154,134,119,97,81,79,84,91,98,104,109
105,97,82,67,61,67,77,83,81,78,89,100,103,96,86,87,88,86,85,91,97,101,100,98
101,93,78,66,66,78,92,95,85,72,67,68,69,69,68,77,89,95,93,95,103,107,104,98
102,95,82,73,77,92,111,116,107,90,76,69,66,67,72,82,95,101,97,94,101,108,106,97
105,104,97,89,90,102,119,126,120,104,91,83,77,75,80,89,97,100,97,93,99,107,104,92
109,116,115,110,112,113,111,110,107,100,90,84,80,78,83,91,95,94,93,98,104,109,105,92
106,120,132,146,167,171,157,145,139,131,113,98,87,82,84,91,98,100,98,106,115,114,101,83
92,108,135,168,200,205,187,166,154,148,137,123,111,103,106,119,136,139,125,116,115,109,93,75
70,88,119,157,189,195,180,159,143,137,134,129,122,118,126,148,171,172,148,120,107,98,83,65
53,70,96,126,155,164,155,140,127,116,109,106,107,112,126,152,173,172,147,116,99,90,75,56
