109,145,178,196,205,210,218,223,228,235,240,243,244,243,240,234,229,227,225,218,205,186,149,108
131,171,206,222,228,230,232,233,234,236,238,240,240,238,231,221,217,217,217,212,201,186,156,122
149,185,212,221,224,225,224,220,215,215,222,228,225,211,193,181,179,178,174,167,159,154,139,117
144,166,176,175,178,177,175,168,160,160,174,188,185,162,134,122,121,119,112,106,102,107,106,95
118,121,117,110,111,105,99,91,85,87,103,124,127,106,78,67,64,63,62,66,73,80,82,78
106,103,95,88,83,72,61,53,51,57,74,108,114,87,61,50,45,42,41,48,61,76,84,83
110,108,96,80,67,52,45,45,48,56,72,116,123,85,60,50,46,45,46,57,68,82,93,95
133,142,130,102,83,68,60,61,67,76,86,146,164,116,72,65,62,61,65,77,90,107,119,121
164,189,184,154,131,114,104,103,106,106,111,183,214,164,92,87,90,93,100,112,128,147,158,158
187,218,229,212,188,171,165,166,158,132,142,208,238,192,112,104,121,140,153,168,178,188,192,190
193,218,236,239,236,229,224,215,185,133,167,223,243,207,136,102,124,162,186,198,200,203,204,199
187,205,226,239,242,234,219,197,164,130,191,237,248,223,170,106,105,135,159,172,178,184,187,183
169,187,205,213,212,192,167,145,138,154,208,239,243,225,186,122,93,95,111,121,130,140,147,148
145,163,171,166,158,134,107,99,123,172,195,211,213,194,162,129,93,76,81,87,94,102,110,116
125,130,126,113,100,88,77,82,100,118,129,145,146,126,103,94,87,85,88,96,102,106,108,109
114,117,109,92,76,65,68,77,83,80,78,83,84,78,72,79,91,95,93,98,106,109,108,106
104,110,104,87,68,63,75,91,97,86,74,67,64,64,69,80,95,101,96,95,103,108,107,104
95,105,105,90,74,73,86,106,117,108,91,81,74,72,77,86,95,98,95,96,105,109,106,102
90,104,109,101,90,88,98,114,124,118,105,96,89,83,82,89,95,96,95,103,112,111,104,98
88,104,117,118,113,115,125,128,124,122,114,99,87,82,83,90,106,116,115,114,115,108,98,94
82,96,113,124,133,160,181,179,163,153,149,141,127,114,109,121,147,162,151,121,106,95,90,88
74,84,97,111,133,176,204,202,177,153,139,129,120,114,116,132,160,172,153,117,95,84,79,78
66,72,81,94,119,163,192,194,171,138,114,100,96,100,109,126,146,150,129,102,84,72,66,62
60,66,74,87,109,143,172,181,166,135,112,100,97,100,107,119,129,127,109,90,74,63,54,49
