74,129,189,226,236,234,233,234,236,237,236,237,236,234,233,233,235,237,238,235,224,197,162,139
86,144,205,235,238,233,232,231,232,234,231,232,230,223,221,224,228,233,236,237,233,207,171,146
105,169,223,238,226,215,208,203,201,206,205,206,202,191,180,173,170,171,177,185,194,192,176,158
125,187,222,209,178,158,146,140,144,156,164,171,167,151,125,102,88,83,89,103,124,146,159,159
142,182,187,146,95,71,62,63,76,101,127,148,149,124,83,53,35,29,36,48,68,91,118,142
145,149,126,87,58,42,32,30,37,58,95,144,156,117,61,34,19,14,17,28,45,65,91,116
148,134,99,61,39,26,17,14,18,34,86,172,198,138,55,26,16,11,10,19,29,44,72,100
155,132,92,56,40,32,24,21,22,35,99,198,229,164,74,39,29,27,29,38,45,58,84,113
175,150,110,77,61,53,46,42,45,65,130,213,237,187,118,87,69,60,61,70,86,106,132,157
210,195,168,134,101,82,72,72,87,120,169,223,237,205,171,166,138,106,93,100,130,166,195,209
231,231,221,198,167,141,138,152,167,174,205,233,238,217,187,210,215,203,194,195,212,227,231,227
232,238,238,231,218,204,204,207,201,188,213,233,239,222,186,202,228,240,236,234,238,242,238,228
219,235,242,240,239,233,225,207,188,190,219,235,238,222,183,177,194,215,228,234,237,237,228,212
200,226,239,234,229,215,191,163,157,193,218,222,217,204,176,163,154,163,191,211,221,221,207,188
182,203,216,212,196,170,133,118,138,175,171,162,154,149,150,154,141,130,136,159,175,180,175,168
172,180,181,172,152,119,95,101,116,105,88,87,89,86,85,98,116,114,97,110,132,145,147,146
169,167,157,138,112,83,85,106,114,83,51,45,48,49,50,68,102,111,88,78,97,114,123,128
167,160,147,125,93,71,85,110,119,97,61,41,36,39,48,71,103,112,89,64,80,99,110,115
167,156,146,131,104,82,82,95,107,103,81,56,41,42,57,81,101,102,83,68,87,104,108,107
170,156,148,144,130,100,78,66,65,68,69,57,45,42,51,61,67,67,67,86,113,121,113,106
177,158,146,150,154,137,118,94,76,78,83,70,59,61,66,70,75,84,100,121,131,127,117,110
187,166,147,146,157,162,158,139,117,110,107,95,88,90,92,98,111,126,136,141,134,124,114,108
203,179,150,136,147,166,175,167,147,129,112,102,98,99,105,118,141,156,154,143,128,116,108,103
218,189,151,130,137,158,171,167,148,122,96,83,79,84,96,118,145,159,154,139,123,110,102,99
