39,89,162,216,235,234,232,232,233,235,235,234,232,226,216,210,210,206,197,192,177,155,127,103
60,106,176,229,238,234,229,226,226,229,230,230,229,224,218,217,221,223,223,223,217,199,169,143
85,133,196,230,216,202,193,189,190,196,200,204,204,199,190,185,185,190,198,207,215,213,194,170
104,153,195,196,161,136,125,122,128,141,155,167,170,161,141,124,113,112,121,136,154,172,176,168
119,152,160,131,90,64,53,51,61,83,113,140,150,136,100,70,49,40,43,56,77,103,128,145
133,144,124,85,58,41,30,25,29,46,80,128,152,132,79,46,27,19,21,32,49,70,94,115
137,139,108,64,42,30,19,14,16,28,69,149,191,156,73,34,19,12,10,18,29,47,72,94
143,144,113,70,49,40,31,25,24,34,83,176,222,179,87,43,27,22,21,27,34,45,67,91
161,168,145,105,80,66,56,51,52,67,119,199,233,195,122,82,60,49,47,53,62,73,93,118
192,212,204,167,126,98,85,87,100,124,166,217,235,208,167,152,123,94,81,85,105,132,159,176
219,231,232,216,193,169,162,168,174,176,203,230,237,217,186,204,203,184,166,162,179,201,215,218
224,236,240,236,229,217,213,208,197,186,212,233,238,221,187,204,225,230,222,218,225,235,236,229
214,233,242,239,236,227,215,196,182,191,219,235,237,220,183,181,201,222,234,238,239,241,233,219
196,220,232,227,218,200,173,152,157,195,216,220,216,203,177,163,163,181,207,221,228,228,216,196
180,190,196,191,175,147,118,114,137,165,163,158,155,153,155,155,143,140,157,182,197,200,187,170
170,171,165,151,129,100,93,104,113,96,84,86,90,91,95,111,120,115,111,133,154,163,157,145
162,158,146,123,96,77,90,110,108,74,49,45,49,52,57,82,107,107,87,94,116,131,132,127
156,152,140,117,88,74,90,110,112,87,56,39,36,41,52,80,106,106,80,72,91,109,114,110
152,150,143,129,104,83,83,93,100,95,73,50,40,46,63,87,104,99,78,69,87,102,103,94
149,148,147,143,130,99,78,66,63,69,65,51,43,46,57,70,77,75,72,86,106,112,101,84
151,148,147,152,155,139,119,96,83,86,81,65,57,60,64,67,72,80,95,117,124,119,101,80
156,149,142,146,160,165,156,136,117,110,102,91,87,89,91,97,107,118,127,135,129,120,104,83
143,135,126,126,143,162,164,152,134,116,104,99,99,102,111,127,144,151,146,138,125,115,100,82
115,111,104,105,120,140,147,142,127,104,87,79,81,92,108,132,151,156,146,133,120,109,92,74
