110,179,227,237,236,233,230,227,225,226,231,234,227,205,174,156,153,160,165,164,152,143,131,116
117,187,233,238,234,226,218,211,207,209,216,225,227,218,198,179,176,184,194,201,203,202,195,183
134,192,223,216,201,180,163,154,155,167,182,196,205,205,195,176,163,160,166,183,204,218,222,218
140,178,188,167,143,110,87,79,87,110,133,153,164,166,158,137,113,96,96,117,150,176,189,195
126,143,136,108,83,52,32,26,35,56,85,114,130,127,113,88,62,45,44,60,92,119,137,149
124,116,94,68,44,25,13,11,18,34,68,116,141,128,97,66,44,32,27,34,54,77,97,110
122,113,96,75,54,34,22,15,15,32,87,160,193,165,108,56,29,19,17,21,34,54,76,94
141,149,143,121,95,73,59,48,45,64,128,203,230,197,136,74,40,31,36,47,64,87,108,121
175,199,199,170,134,111,101,97,103,125,177,227,239,212,172,123,88,73,75,87,109,138,159,166
203,221,220,193,155,132,130,145,168,189,219,241,241,224,207,186,159,132,112,104,119,147,174,189
213,228,234,226,212,200,198,205,217,228,241,247,243,232,227,222,214,202,187,173,173,186,200,207
223,233,238,239,239,233,225,224,232,244,250,251,246,237,232,226,227,229,229,225,221,222,224,223
227,230,231,230,228,216,204,211,232,243,245,246,242,235,231,224,212,209,219,231,234,233,229,223
216,214,210,203,188,161,150,176,212,215,216,217,215,213,215,215,184,159,166,195,211,215,210,203
195,190,181,162,131,94,93,126,154,145,150,152,151,149,156,172,148,111,103,139,172,187,182,169
175,173,156,120,77,57,77,94,85,63,73,81,75,65,71,107,121,101,73,87,133,166,167,149
168,161,129,83,49,62,102,113,83,41,34,34,32,35,53,98,131,123,81,56,82,123,143,133
165,152,109,61,46,84,130,144,117,67,35,20,23,41,74,119,150,143,98,47,43,76,107,112
161,146,104,63,59,94,127,142,131,95,55,32,31,53,89,127,146,135,98,52,32,47,75,92
161,149,122,92,78,84,88,89,89,82,61,42,41,58,83,102,107,97,76,50,38,50,73,86
160,152,140,131,127,113,85,61,50,49,47,45,48,56,62,66,76,88,96,90,80,90,97,86
162,154,147,152,164,153,124,96,78,73,74,77,81,85,84,89,103,124,143,148,137,135,122,95
142,133,130,140,158,164,150,129,112,102,100,101,104,107,111,125,143,165,184,190,177,161,132,97
104,97,99,109,123,141,133,114,99,92,89,92,93,95,104,123,150,177,196,200,186,162,124,86
