40,54,87,127,164,193,206,210,217,234,236,235,222,192,153,126,119,130,152,165,165,145,117,97
54,70,96,118,133,147,142,136,156,206,221,229,220,191,145,104,87,93,108,119,122,113,99,89
64,77,93,100,94,89,81,76,95,157,204,225,216,178,123,80,64,64,67,74,86,94,92,82
64,75,87,87,72,55,51,50,64,112,193,230,218,169,101,65,53,50,49,55,74,93,96,84
61,79,93,90,69,49,40,42,56,91,184,232,225,169,88,57,43,38,42,55,71,88,96,92
71,101,103,78,56,37,42,55,67,83,145,197,195,140,75,52,42,35,32,45,58,70,83,94
84,132,150,126,95,77,77,86,93,99,143,206,207,141,82,75,71,66,66,75,83,89,101,114
109,167,198,179,138,115,110,119,122,113,165,227,231,170,96,98,100,97,95,99,107,124,140,147
140,196,227,211,176,150,145,151,145,127,194,241,247,204,124,111,120,126,125,127,137,160,177,175
169,209,229,225,218,200,192,175,154,160,221,249,249,226,172,128,136,162,177,183,191,195,191,181
184,199,210,208,193,177,161,151,167,220,240,251,249,234,212,180,147,138,157,172,193,196,184,173
191,196,187,175,172,162,155,168,199,230,242,250,246,229,203,176,152,141,145,150,158,161,160,158
188,193,184,173,179,174,160,161,186,222,238,247,243,224,192,175,145,127,135,149,153,151,148,148
174,183,188,188,186,174,140,116,138,214,224,226,222,208,185,183,129,92,113,146,164,160,148,142
154,161,165,156,134,108,86,91,134,190,182,167,159,153,143,141,109,81,80,94,112,125,129,128
133,134,130,117,95,79,83,107,131,129,115,107,102,94,84,88,92,90,82,74,84,97,106,109
118,116,104,86,70,70,92,134,160,134,104,84,74,71,76,87,103,105,89,71,67,75,86,93
110,109,95,74,62,65,91,134,161,140,111,86,72,71,81,91,101,98,81,63,57,66,80,86
103,110,99,80,71,67,76,97,115,113,104,94,84,78,77,77,76,69,57,50,58,74,87,89
94,106,106,96,93,93,70,66,89,111,116,109,102,98,92,88,76,56,44,57,76,92,98,93
77,99,111,113,117,131,120,107,114,143,171,166,155,144,118,103,92,84,85,95,97,99,98,92
58,82,106,125,147,173,167,151,147,168,178,165,154,147,126,116,111,112,119,122,114,103,94,89
37,59,92,129,167,199,193,171,157,164,153,135,126,125,119,118,119,125,132,133,123,107,92,86
21,40,79,126,168,201,200,171,144,142,137,125,118,116,112,110,114,124,134,135,125,107,91,84
