177,192,204,210,215,217,222,228,234,236,237,236,236,237,237,237,234,228,218,208,200,190,180,173
180,191,200,202,199,190,196,211,227,234,238,238,237,238,238,237,228,210,190,179,168,161,157,155
176,167,156,146,137,120,122,140,172,210,230,237,238,236,228,206,172,140,123,120,117,116,116,119
160,129,105,99,98,82,76,79,105,159,207,231,237,227,197,148,108,90,93,100,107,109,106,103
144,106,96,117,133,124,112,95,86,109,173,218,233,212,153,101,95,118,141,149,153,157,151,136
155,124,111,117,117,117,118,120,122,128,155,202,226,204,150,127,120,116,116,125,138,152,160,160
168,143,115,97,87,86,85,107,135,137,141,191,221,197,151,141,133,107,80,100,112,135,160,172
181,163,124,88,77,82,77,108,150,146,136,189,219,192,156,154,150,123,93,113,113,133,163,180
191,184,147,106,95,107,107,132,164,154,140,193,221,192,164,169,170,157,143,150,141,152,175,188
192,200,183,148,125,136,144,156,163,150,149,201,224,196,173,182,184,180,176,172,170,181,193,197
192,207,205,185,165,163,167,175,173,154,162,208,223,197,182,193,199,198,195,193,194,200,203,202
189,206,214,208,196,185,184,188,182,156,172,212,220,195,185,199,208,209,208,207,209,211,208,203
182,199,213,217,213,202,197,198,186,154,179,214,218,194,182,198,211,216,217,216,217,214,208,202
171,186,204,216,217,212,207,203,187,153,184,215,217,195,180,190,207,219,221,221,220,213,204,198
161,172,190,206,212,212,211,203,184,165,193,216,216,198,181,181,198,214,219,222,220,212,200,191
153,162,178,194,202,207,207,195,173,162,186,207,209,194,173,178,195,209,214,218,218,209,196,185
139,153,169,182,195,201,201,188,166,145,149,174,184,170,158,175,192,202,208,212,213,204,191,181
117,143,162,172,187,195,191,182,165,141,128,149,164,158,159,177,189,195,200,205,207,199,186,178
92,131,154,162,177,188,178,168,164,154,143,152,163,169,175,178,176,179,190,199,203,194,182,174
65,112,145,154,167,184,162,144,146,154,157,166,172,170,165,158,139,142,174,199,198,187,176,169
47,91,130,147,156,180,157,119,101,115,133,150,158,156,146,136,123,136,177,199,192,180,167,156
39,76,113,135,149,175,165,128,101,115,134,148,156,156,148,139,139,159,189,197,185,169,153,141
35,68,100,121,141,166,171,150,128,134,146,155,161,163,159,155,165,183,196,192,178,158,141,134
31,66,94,112,134,158,168,157,140,137,147,155,161,165,163,164,176,189,194,188,173,150,135,134
