139,138,130,128,137,132,133,148,175,204,216,219,214,209,211,206,189,169,153,142,125,117,115,112
153,157,157,152,145,141,145,157,177,200,211,217,213,205,201,189,167,146,137,140,150,149,140,132
172,177,178,169,151,145,149,157,170,190,206,216,213,198,180,157,143,135,133,141,159,166,164,161
172,164,153,139,127,139,146,153,162,174,201,215,210,188,153,141,141,142,133,114,125,140,153,162
141,120,92,72,76,134,153,161,164,154,192,208,200,172,132,158,165,156,131,71,78,97,114,128
100,137,130,100,107,163,175,181,180,156,180,196,188,161,138,169,176,173,172,155,154,157,149,130
148,170,175,168,172,179,179,183,180,158,170,187,181,155,138,161,174,179,186,190,187,185,178,166
189,190,195,200,202,191,186,185,176,159,168,185,181,157,141,157,173,183,190,196,193,192,192,191
195,195,195,195,199,201,199,190,175,160,172,187,184,162,147,159,176,188,194,195,194,196,196,194
198,199,198,199,204,206,204,192,175,163,173,187,185,167,151,161,180,193,196,194,196,198,197,193
201,202,203,204,206,205,202,190,173,162,175,192,193,173,151,157,180,199,202,200,202,203,199,195
205,208,209,209,209,207,203,187,166,160,179,196,196,178,153,145,174,203,208,208,210,208,202,196
205,210,213,214,213,211,207,186,162,164,184,199,202,190,164,144,166,196,208,211,213,209,202,197
203,209,214,216,216,213,207,183,160,169,184,201,210,201,175,146,155,183,204,208,210,206,201,196
201,205,210,214,215,208,200,178,156,159,171,194,206,195,164,128,144,179,198,201,203,201,196,191
196,200,204,207,206,202,203,187,162,152,144,155,159,144,124,142,169,190,198,197,196,194,190,186
191,195,199,200,201,200,201,195,182,173,168,167,167,163,152,164,177,187,193,196,192,188,184,181
188,191,194,195,198,198,195,194,193,192,196,192,191,194,187,176,172,176,185,195,191,185,182,180
188,189,191,193,194,193,189,187,186,185,187,187,185,183,177,167,157,156,168,189,190,187,185,185
192,192,191,191,193,188,185,179,172,165,159,159,157,151,148,143,126,115,131,178,189,190,190,190
191,196,195,192,189,169,133,119,133,155,169,173,176,175,167,156,135,126,142,176,190,194,194,193
185,195,200,196,189,171,143,127,133,155,172,174,172,175,176,166,152,149,162,179,189,194,193,189
180,190,200,199,190,182,177,167,160,167,177,175,170,172,180,174,166,165,173,181,187,192,189,180
179,186,196,199,191,184,179,177,179,183,190,191,189,190,191,186,175,170,174,180,186,192,187,174
