40,92,150,176,168,165,176,193,210,225,231,234,234,234,234,236,234,229,221,208,191,178,160,139
74,120,145,129,100,97,115,137,159,185,202,213,219,221,224,227,224,218,209,196,186,184,178,164
102,132,115,69,49,53,65,69,73,91,117,150,178,187,177,166,153,144,137,126,115,117,126,132
88,105,84,54,60,72,68,43,16,12,30,72,112,125,98,78,62,56,59,59,45,40,50,65
41,57,85,105,108,116,102,63,23,10,4,17,39,48,23,17,16,24,43,61,58,47,37,33
38,66,108,121,87,73,57,39,24,17,7,7,11,12,5,10,15,28,51,77,86,86,78,66
60,95,135,143,109,79,57,42,34,31,23,57,81,63,18,22,23,24,33,45,59,67,73,78
80,121,155,159,135,104,81,66,63,67,52,121,167,128,46,48,43,36,40,43,50,58,73,92
97,136,165,167,154,134,118,108,105,105,90,169,216,165,70,80,78,69,72,74,75,85,103,118
119,143,165,174,173,168,161,155,139,109,127,195,224,173,82,101,114,108,95,91,104,130,147,147
134,138,154,165,160,158,155,142,116,98,163,216,224,184,115,95,112,130,131,136,151,163,158,143
142,145,145,139,129,118,104,98,112,147,192,223,223,193,156,101,85,99,121,136,152,156,143,125
146,153,138,111,92,73,60,84,139,189,203,218,215,196,184,130,73,54,76,96,111,123,127,121
144,152,133,96,66,47,54,100,154,172,178,186,182,170,169,146,81,34,37,56,72,98,122,129
139,142,131,103,68,52,76,96,98,96,105,109,103,94,100,100,80,54,41,57,86,109,120,121
129,130,110,76,49,65,100,107,79,47,44,44,39,36,47,74,90,77,49,51,81,102,111,111
119,120,95,61,56,95,132,138,113,74,46,31,29,42,65,95,111,98,63,43,61,85,99,99
111,116,97,70,68,97,118,125,116,95,70,54,51,65,88,107,115,101,70,42,50,74,90,88
104,112,110,96,76,64,55,60,72,78,84,81,73,68,72,78,79,73,61,52,60,75,83,80
99,103,114,119,103,64,28,40,79,92,103,96,81,67,54,32,20,27,46,62,79,79,73,75
96,107,123,141,153,130,85,91,133,150,169,171,160,142,116,56,38,61,93,99,81,72,74,75
87,100,118,144,175,173,140,132,147,151,168,174,163,143,130,95,93,116,134,113,81,73,75,69
73,82,100,128,165,176,160,145,140,138,146,148,136,121,122,124,136,150,145,106,79,73,70,58
62,67,81,109,145,161,152,143,146,156,155,152,145,136,132,134,144,151,138,98,76,67,58,46
