57,75,101,126,147,167,184,199,209,213,210,198,173,139,104,79,63,54,49,48,47,40,30,22
60,82,102,116,129,146,165,184,199,209,212,207,187,154,116,84,65,56,53,52,50,42,30,21
65,84,96,98,99,104,120,143,167,189,206,210,196,166,127,88,64,55,56,56,54,45,32,24
70,86,96,95,87,79,85,103,130,162,193,205,193,163,124,84,60,54,58,61,57,49,38,31
77,95,111,115,109,96,90,94,110,141,181,198,184,147,109,76,60,58,64,69,65,57,49,43
89,103,111,109,106,100,96,96,105,130,175,197,180,138,99,76,69,73,80,84,83,77,70,63
103,108,104,95,89,89,92,94,102,125,175,201,183,134,96,78,75,77,79,82,84,87,87,83
124,126,120,109,105,105,110,110,112,130,177,204,187,142,107,91,86,83,80,79,85,93,100,100
150,158,157,151,150,151,150,142,134,143,183,206,195,160,132,114,106,101,97,98,106,114,119,120
176,190,196,193,194,192,187,172,156,160,195,214,207,182,159,143,135,133,135,143,155,160,155,147
195,212,224,226,225,220,212,191,171,175,208,224,218,199,183,175,172,170,172,179,191,193,184,172
203,222,238,243,244,238,226,199,177,185,217,230,225,213,206,206,208,206,205,209,217,216,205,192
203,222,239,247,249,243,224,192,171,191,224,233,226,215,212,220,226,228,228,232,237,232,218,204
196,215,232,241,244,236,209,173,159,189,224,232,220,205,201,210,221,230,237,245,248,240,224,209
187,204,221,231,231,220,189,157,148,177,211,218,208,194,188,189,199,213,229,241,247,239,223,209
176,190,206,215,211,197,171,143,129,144,169,177,172,169,180,190,191,192,202,221,232,229,216,203
161,171,183,190,186,177,162,139,120,119,133,141,144,154,181,201,199,185,179,192,207,210,201,192
145,152,161,167,166,163,159,146,129,121,127,137,149,167,194,213,209,189,168,169,181,187,183,178
133,138,148,156,156,155,155,151,145,142,148,160,176,194,208,215,210,194,172,162,166,170,169,167
127,136,153,165,159,148,142,140,142,149,160,175,187,193,195,197,196,190,180,173,174,173,169,165
124,141,171,188,176,147,127,125,137,151,160,170,175,172,167,163,161,166,177,189,198,194,182,174
119,139,176,203,196,167,140,132,144,164,176,186,188,181,171,160,156,166,186,205,216,210,193,181
104,126,168,202,207,191,166,151,153,172,186,198,201,195,185,177,178,188,205,218,222,214,197,183
87,114,157,193,207,200,181,162,155,164,176,188,191,187,185,189,199,210,219,223,222,211,194,181
