63,82,108,129,142,155,168,180,190,197,200,201,200,197,195,196,196,193,188,180,169,157,144,134
73,86,107,126,139,153,169,183,192,197,200,202,201,198,198,198,198,196,190,179,163,152,141,131
80,87,96,103,109,123,144,167,185,193,197,200,201,199,198,196,193,184,167,147,129,120,117,115
78,80,79,73,68,75,94,121,149,170,184,192,195,193,184,174,160,139,114,92,82,81,86,93
73,72,68,59,47,40,43,58,86,124,157,176,182,175,153,129,101,73,53,48,53,62,72,79
77,79,76,66,52,42,34,38,56,86,125,152,163,152,121,92,67,49,38,40,48,62,76,84
87,92,89,83,79,69,54,50,61,83,113,146,162,151,119,94,80,68,58,57,70,78,85,93
100,106,110,111,113,108,95,85,87,101,117,152,173,163,129,114,106,99,92,94,108,112,113,116
114,120,131,140,143,143,135,124,117,122,128,161,183,172,139,132,129,126,125,131,142,148,147,144
124,127,140,155,161,162,157,148,137,132,136,166,183,170,142,140,145,149,148,150,157,163,163,158
126,126,139,157,168,175,172,161,145,136,143,170,183,169,144,148,162,170,169,170,173,173,168,159
124,125,136,154,170,180,178,163,145,136,146,171,181,167,146,149,164,176,178,179,182,180,170,158
122,123,134,153,169,180,176,161,143,134,146,171,180,166,146,145,158,172,179,180,183,181,169,156
117,117,130,150,165,175,168,154,140,133,147,171,180,167,144,141,150,165,175,175,177,174,163,150
110,109,120,139,153,160,151,140,133,131,146,168,176,165,144,141,143,153,164,164,161,156,147,138
98,96,106,122,135,137,134,132,128,118,127,144,151,143,127,132,141,150,155,153,149,141,133,126
88,87,94,107,119,123,124,127,124,106,100,107,114,113,107,124,143,149,142,136,132,126,118,114
82,83,88,97,106,106,105,108,106,86,73,74,80,83,85,103,124,127,114,107,112,113,110,108
80,82,88,95,96,80,70,71,72,59,52,57,61,61,61,72,84,84,73,71,91,106,109,106
79,81,88,92,82,52,40,42,45,39,41,51,57,55,51,54,59,56,47,46,73,98,107,103
77,78,85,89,82,58,48,48,46,37,44,63,74,68,57,58,63,67,68,70,89,105,107,100
75,73,78,87,88,79,79,80,76,71,82,97,105,103,98,95,99,105,107,102,105,107,104,98
69,67,72,83,91,95,103,108,106,105,117,125,129,131,133,128,131,134,130,117,110,105,100,96
62,63,69,79,88,96,106,112,112,110,119,129,134,134,132,131,135,135,127,114,109,103,97,94
