79,121,161,178,177,179,181,185,194,210,220,220,221,224,221,212,210,211,212,209,210,211,210,207
95,132,168,182,181,182,183,184,191,207,217,215,216,220,215,205,205,210,212,210,214,216,215,210
107,137,165,175,172,171,170,171,176,190,205,206,206,206,197,187,189,198,205,204,210,214,213,208
111,131,151,159,154,147,146,147,148,152,172,184,182,170,160,157,164,179,193,197,202,200,193,187
119,123,137,146,136,123,124,125,115,101,115,137,135,115,114,121,137,158,178,187,193,181,161,150
136,131,128,127,120,112,117,119,105,73,50,65,70,67,100,105,107,120,141,149,163,170,161,143
163,150,131,111,89,71,67,78,85,67,48,72,79,68,100,92,72,65,78,101,124,145,154,149
180,166,140,110,82,61,50,63,79,69,72,120,119,80,104,93,70,54,58,85,109,132,149,154
184,176,155,129,108,92,79,85,90,73,102,170,158,90,108,110,99,88,89,108,126,143,155,159
182,184,176,161,147,129,118,116,107,86,139,206,186,111,112,132,132,125,129,149,165,172,172,169
178,182,181,175,168,157,147,132,116,113,175,219,204,151,123,142,158,163,166,177,183,182,179,181
179,177,176,174,168,160,150,139,134,150,200,227,223,195,156,145,155,166,170,176,180,184,193,203
182,170,163,163,162,156,147,142,150,173,212,232,233,218,187,152,143,149,155,159,165,179,198,211
180,160,150,152,155,149,140,142,155,175,211,229,227,214,200,161,136,131,137,145,153,170,188,197
166,152,146,146,141,129,123,132,152,172,196,209,207,197,190,157,131,121,128,140,152,161,168,173
154,146,140,132,120,117,119,124,132,148,170,180,174,160,154,142,130,122,121,125,137,146,152,155
147,143,135,124,113,116,123,125,124,129,142,146,138,129,132,141,139,129,120,116,122,133,142,145
146,142,135,126,115,109,109,114,119,117,122,123,120,119,126,138,134,117,103,105,114,127,138,141
151,144,138,133,121,99,78,84,105,112,115,118,123,126,128,127,109,85,75,98,116,130,138,140
162,148,140,139,133,114,69,59,86,112,116,119,123,128,129,122,95,75,82,114,130,137,140,141
182,162,146,140,138,129,102,86,96,122,130,132,137,145,145,133,116,107,116,132,139,141,142,142
199,186,162,142,140,136,126,116,115,126,131,130,135,143,147,142,135,134,139,145,144,142,142,142
216,210,180,148,142,139,136,132,129,126,125,124,126,133,141,144,145,147,149,151,146,142,141,142
232,221,189,156,143,141,140,137,132,127,124,125,127,132,138,143,147,152,154,152,146,142,142,143
