124,148,169,180,189,199,208,216,222,227,234,239,242,242,238,230,222,215,208,203,195,179,147,110
150,184,211,219,223,225,229,232,233,236,240,242,243,242,236,226,217,210,205,202,195,182,150,113
165,200,224,227,222,215,213,215,220,229,235,235,235,232,224,208,192,178,170,172,173,169,147,116
162,187,200,194,183,169,165,173,188,206,219,225,225,219,204,182,159,139,129,136,145,152,141,116
154,169,172,160,145,131,131,143,162,184,206,221,225,214,186,159,139,125,119,125,137,147,139,116
150,165,169,160,150,146,147,153,164,181,206,225,230,214,179,157,148,138,126,123,133,143,139,124
154,161,154,135,121,135,156,170,176,185,209,230,234,214,181,164,157,137,107,100,114,127,130,127
157,155,142,120,110,134,167,185,188,192,212,231,233,215,186,173,169,151,123,116,126,131,132,133
161,158,149,139,137,159,182,194,196,200,213,228,230,215,189,180,181,176,166,162,161,155,148,145
176,179,181,183,189,195,197,199,201,205,213,224,226,213,188,182,185,188,187,187,183,175,166,159
192,205,209,207,209,211,209,209,210,210,211,220,223,210,186,183,190,196,198,198,196,188,177,168
203,221,230,228,228,230,226,222,218,211,209,217,223,215,189,184,192,203,209,210,209,200,186,177
206,227,239,239,241,244,240,232,221,207,206,215,225,220,193,181,187,202,216,219,217,207,192,182
201,224,238,240,245,250,245,232,215,200,205,215,225,223,198,179,177,191,212,222,221,209,192,181
191,216,233,240,249,252,242,220,198,192,204,214,225,226,206,181,165,170,194,219,224,209,187,174
177,204,227,240,249,249,227,200,181,180,188,199,213,219,203,174,153,152,174,210,219,204,181,167
164,194,221,235,242,238,209,184,173,167,160,162,173,182,175,159,150,152,169,199,206,193,173,160
151,182,209,222,229,220,194,179,176,168,153,148,153,160,162,159,159,163,171,188,192,180,163,151
138,169,194,205,213,203,187,182,186,184,176,173,174,176,177,172,171,172,174,180,181,169,152,141
128,160,182,192,202,197,188,187,192,193,195,199,199,192,179,166,161,165,174,182,180,164,143,131
118,154,178,188,200,196,181,170,166,167,176,184,183,172,155,134,126,141,170,188,182,162,135,115
110,153,180,189,204,204,184,156,137,139,153,165,166,156,143,120,116,140,178,196,185,160,127,99
112,154,181,191,207,215,200,168,141,141,152,161,163,156,146,129,129,150,179,188,171,146,113,81
124,156,179,192,208,221,217,196,175,167,169,171,169,164,155,144,143,152,164,164,143,121,95,68
