118,119,119,122,131,142,161,177,183,179,170,174,171,162,172,172,175,171,153,127,112,104,101,102
111,107,106,114,124,128,130,136,145,152,150,160,161,152,155,144,133,127,123,123,121,110,97,89
106,109,120,136,147,141,133,132,138,141,139,151,152,140,139,129,125,125,127,137,140,127,105,89
104,113,127,139,142,134,133,138,143,140,135,148,150,134,125,125,131,133,129,128,127,120,107,94
104,100,94,86,77,73,90,107,118,127,126,143,149,131,109,116,110,98,89,75,72,78,84,85
105,100,101,105,102,98,105,111,115,123,118,132,137,120,99,120,112,101,104,91,91,91,86,81
116,117,120,125,127,122,119,124,130,123,111,120,123,107,93,119,123,117,117,116,116,110,102,97
132,136,136,135,140,138,138,141,138,118,107,118,119,102,90,115,137,142,135,134,131,124,119,119
145,153,152,148,151,151,156,152,133,110,110,125,125,104,90,109,142,160,153,146,141,137,136,138
152,166,175,173,169,165,163,148,124,108,119,136,132,106,90,100,130,157,163,157,157,157,155,150
149,161,171,175,175,176,172,147,117,110,134,155,145,110,88,99,138,169,174,172,169,162,153,143
145,158,171,180,180,169,152,131,115,115,147,170,156,117,90,97,129,160,174,180,176,166,150,135
141,155,170,176,169,149,130,119,115,119,158,186,170,124,94,98,117,140,158,172,175,167,148,131
138,151,163,162,146,133,126,116,108,113,156,184,166,118,94,98,111,125,140,152,163,160,145,129
136,145,152,148,136,143,134,111,90,93,125,137,119,91,85,91,109,128,135,133,143,148,140,124
138,141,136,130,136,140,130,116,107,108,100,95,98,104,104,104,113,124,130,129,126,131,136,133
142,135,129,129,133,131,122,121,128,134,124,118,124,134,127,119,116,118,125,132,130,129,135,145
151,136,133,136,129,122,117,123,138,150,155,156,156,154,137,125,116,111,115,129,137,136,141,157
160,146,141,137,121,111,110,117,130,143,153,158,156,145,128,117,106,98,101,122,139,147,153,161
157,150,143,129,102,84,87,100,111,111,121,125,124,119,112,103,81,73,94,133,148,162,161,145
147,154,147,134,124,95,85,97,114,121,141,141,135,127,109,93,81,93,124,141,153,162,155,134
140,153,147,139,143,121,100,100,116,129,146,146,136,121,106,97,101,120,141,139,152,154,145,138
136,146,143,139,148,139,120,114,123,135,145,147,136,120,114,112,121,135,141,137,145,143,139,142
132,138,137,137,143,140,133,132,138,145,155,158,149,136,132,125,129,136,139,140,136,137,138,135
