101,99,99,103,107,107,115,129,142,150,147,158,158,148,152,144,135,123,109,104,107,109,104,96
111,122,138,151,151,142,140,140,141,142,139,153,154,142,145,132,127,129,134,140,145,141,128,113
115,127,140,147,145,133,131,136,141,140,134,148,151,137,133,124,125,127,125,128,132,131,123,114
104,106,104,98,94,95,103,118,132,133,128,144,149,133,117,118,120,114,100,85,83,88,92,91
88,83,79,74,69,88,96,105,114,115,117,137,145,127,100,108,105,102,100,74,67,72,74,68
110,115,120,123,124,118,108,116,128,122,113,124,130,116,93,114,121,117,111,112,117,116,109,99
126,128,132,137,138,131,130,136,136,118,107,118,121,106,88,109,129,134,126,126,126,122,116,111
144,140,138,140,142,143,149,147,131,109,107,120,121,104,87,102,131,149,147,139,133,129,125,123
160,158,154,153,155,157,160,147,121,105,115,129,127,107,89,97,126,154,164,155,151,147,144,142
167,172,174,172,169,165,162,142,116,109,128,143,136,110,89,93,115,146,168,163,161,160,159,158
163,169,175,177,178,177,164,134,109,113,140,160,148,115,90,91,122,159,179,176,173,169,161,154
160,170,179,182,176,160,142,123,112,119,154,173,158,121,91,92,115,146,171,177,180,176,164,154
158,170,177,172,158,138,122,116,117,126,167,189,172,128,94,97,108,127,151,164,175,176,166,154
155,163,164,152,135,130,118,110,111,124,166,192,173,125,92,99,105,117,135,144,159,167,162,150
147,155,153,141,134,143,121,96,90,105,139,150,131,99,84,92,101,118,137,133,141,150,151,144
142,142,135,132,141,141,124,106,98,99,104,103,96,91,93,96,106,120,131,130,126,129,137,142
136,129,128,132,136,131,121,119,123,123,115,107,111,121,121,114,114,118,122,128,129,126,128,135
133,130,132,134,127,122,118,126,140,148,142,138,145,151,142,129,119,115,116,124,136,134,130,134
136,142,140,129,118,115,116,124,139,151,154,159,161,154,139,126,115,108,107,114,135,142,142,144
147,144,134,118,101,99,105,115,126,137,150,155,148,133,117,107,96,85,81,98,129,146,154,162
155,144,135,120,93,83,98,116,124,125,136,137,138,139,128,117,95,78,86,120,141,152,162,172
161,145,138,132,111,85,90,103,112,118,132,131,128,126,116,104,88,89,112,137,144,155,163,160
159,145,141,143,135,105,94,98,109,123,141,140,127,112,102,93,93,110,136,141,139,152,157,142
150,144,142,146,145,127,110,111,125,138,152,153,138,118,110,108,115,129,141,139,136,145,147,134
