20,21,21,18,17,17,33,57,81,104,128,141,151,156,146,142,133,123,117,117,119,123,133,144
20,19,17,17,18,21,36,61,86,99,124,142,155,157,137,122,107,107,122,131,142,149,143,127
26,23,25,32,40,39,43,60,79,88,116,142,161,162,139,116,98,95,107,117,133,152,152,133
44,44,49,58,64,62,57,59,67,77,106,141,165,167,145,118,100,89,81,81,94,118,135,137
71,74,75,70,63,70,70,64,60,70,97,137,166,166,142,111,92,80,68,55,59,69,86,103
76,60,45,36,32,44,55,56,54,65,92,134,162,161,139,120,93,80,78,50,42,52,62,63
69,53,43,43,46,66,76,72,64,69,94,132,156,156,144,137,117,104,102,90,86,95,105,109
89,80,78,80,82,91,91,83,75,76,98,135,155,153,151,150,141,131,125,123,125,132,143,153
120,117,115,114,111,104,94,86,81,83,100,139,160,154,156,157,155,150,144,139,141,146,156,168
121,120,122,124,121,117,108,95,85,85,99,139,161,158,158,159,161,163,162,159,158,161,169,176
115,120,130,137,135,128,112,98,89,86,103,143,165,161,158,160,167,171,170,169,171,175,180,184
105,117,132,142,141,129,113,96,85,88,113,150,169,165,157,152,152,161,172,172,177,184,188,187
96,111,129,139,136,119,101,87,83,92,124,154,172,173,159,151,139,135,145,156,164,175,181,177
91,105,121,128,121,101,80,76,84,95,127,151,168,175,159,153,136,113,103,123,137,151,158,157
89,99,109,111,100,80,74,76,81,86,114,135,147,149,143,140,135,118,95,96,111,126,135,136
87,93,98,97,87,71,76,82,79,75,85,99,109,111,111,123,132,132,117,89,92,106,118,123
83,88,92,89,80,73,80,84,82,80,85,94,103,110,122,136,145,146,136,109,91,92,104,113
80,86,90,88,80,81,84,87,90,95,106,116,124,133,148,155,157,155,148,133,107,93,98,112
78,86,93,92,85,88,88,89,93,99,115,128,136,141,147,147,146,142,136,135,126,109,107,124
77,92,102,100,90,90,84,78,74,73,77,90,100,104,110,109,103,90,80,102,125,130,133,144
79,94,116,123,104,92,72,60,67,86,105,134,151,152,159,147,122,107,114,143,151,153,152,151
81,89,119,142,129,110,89,74,73,91,111,142,159,159,162,150,135,134,150,166,165,162,156,150
82,81,109,141,144,125,111,95,83,84,97,117,129,129,133,135,140,152,165,167,166,158,149,146
81,78,97,126,139,122,110,98,86,80,89,102,108,109,120,137,149,159,168,167,162,150,141,141
