66,83,94,97,102,106,111,118,125,126,129,130,129,128,128,128,130,134,137,139,141,142,142,139
67,73,77,77,79,81,84,92,102,111,120,124,122,116,106,98,96,102,111,118,126,131,134,135
68,70,69,66,61,58,58,66,79,93,106,113,111,100,84,70,65,68,76,83,93,101,109,114
72,73,67,59,52,45,43,49,63,79,94,105,105,91,69,54,50,51,53,58,65,73,83,92
79,73,58,45,44,37,35,39,51,73,92,109,111,94,63,47,46,50,51,51,57,63,73,86
85,69,55,52,55,40,41,44,51,73,94,118,123,100,65,56,58,63,60,38,39,50,63,71
92,82,69,61,61,51,51,54,62,79,96,120,126,108,84,73,71,74,72,51,53,63,73,77
97,94,85,77,74,71,69,71,77,85,98,120,126,114,105,96,89,85,82,74,78,88,99,104
101,102,99,94,92,92,90,89,88,88,102,122,126,118,117,117,110,100,95,96,100,112,125,132
105,109,110,108,105,103,102,98,92,91,107,126,129,119,118,127,129,124,118,116,119,127,136,140
104,108,112,113,112,111,106,101,95,94,113,130,132,123,124,131,133,133,132,131,132,138,143,145
101,106,112,116,116,113,105,97,94,97,116,132,133,125,122,118,124,131,136,137,137,142,146,145
97,103,110,114,113,105,89,87,94,98,118,133,133,124,119,97,100,117,129,134,136,140,141,138
93,98,104,106,102,87,70,75,91,92,111,123,121,111,109,76,73,93,115,125,129,132,132,128
87,91,95,93,85,69,67,74,78,73,85,90,84,76,80,65,57,69,96,109,117,121,121,118
81,83,84,81,73,62,72,82,82,75,71,67,65,69,81,78,63,62,81,93,101,106,108,107
77,76,74,71,66,65,78,87,89,85,83,80,82,90,100,99,79,65,70,77,81,85,90,92
77,76,74,71,68,71,76,79,81,83,88,90,93,98,102,101,83,67,65,68,70,74,80,84
76,81,83,82,81,73,66,63,66,72,82,85,86,88,88,85,72,63,67,73,77,81,85,87
63,81,91,92,91,71,57,59,73,89,105,104,104,109,105,91,66,58,74,88,100,101,95,92
46,76,93,95,96,80,78,73,72,88,110,113,114,116,108,100,94,95,102,102,107,103,96,96
32,65,88,94,95,90,93,86,76,79,96,103,105,107,107,109,113,118,120,114,110,102,96,97
30,61,84,90,93,97,97,93,84,76,82,87,91,97,106,113,118,123,125,121,109,99,95,95
40,69,84,85,90,99,98,94,90,83,79,79,85,95,105,111,116,123,126,121,106,96,92,92
