97,110,119,122,126,132,139,152,168,176,176,179,181,181,182,183,177,165,154,151,150,143,127,110
99,107,108,107,112,116,123,136,151,162,164,168,169,169,169,165,155,141,125,117,115,119,117,109
89,85,78,74,75,75,80,88,101,123,139,151,151,144,139,120,110,104,100,106,104,110,111,102
75,70,71,72,64,49,45,47,57,82,111,135,138,120,101,74,68,72,79,96,100,104,102,93
75,93,117,131,115,64,48,49,54,65,95,126,135,113,73,53,51,53,51,52,65,77,84,87
91,127,161,170,145,68,48,54,63,77,100,128,139,116,65,50,50,51,46,38,43,56,72,84
96,134,179,202,179,87,61,65,75,87,100,126,135,113,79,67,64,63,60,53,53,56,71,91
102,136,184,216,204,110,81,84,91,95,95,130,142,116,96,94,88,81,75,72,70,74,89,108
110,138,179,211,207,130,104,105,105,98,93,138,156,124,100,115,116,106,98,93,92,101,115,124
112,133,164,187,184,145,127,122,112,92,96,141,160,130,89,119,139,142,136,131,127,129,131,131
115,122,133,142,143,140,134,126,113,95,105,147,168,146,108,120,143,157,157,157,153,147,139,131
117,117,122,130,136,143,139,126,108,94,115,156,177,161,123,114,126,146,162,165,158,148,138,131
120,117,119,129,140,144,134,118,106,105,126,159,179,172,140,122,116,126,147,155,152,142,133,128
121,116,116,123,132,130,115,104,106,120,132,155,173,173,152,136,117,111,123,138,139,134,129,125
114,113,113,114,111,100,94,96,102,109,122,145,158,152,135,122,108,101,108,125,123,124,125,123
111,112,113,114,112,105,102,95,85,79,91,108,114,101,83,91,105,112,112,118,124,126,123,120
111,111,114,117,116,98,85,72,57,47,56,67,69,62,53,64,85,98,103,114,125,126,121,117
111,111,115,118,107,73,57,47,38,32,37,41,43,43,43,47,59,69,77,99,123,127,120,116
110,110,117,116,91,52,42,40,37,34,35,38,40,40,39,39,43,45,51,83,122,129,120,118
110,110,116,116,99,70,55,48,43,38,41,51,53,44,36,36,43,46,54,99,128,129,120,118
112,112,113,116,116,100,88,80,72,71,84,92,91,83,72,74,89,104,114,129,127,123,116,107
114,113,111,114,120,116,112,107,101,100,111,114,112,110,107,113,127,142,146,136,121,116,103,79
102,108,110,110,114,121,124,123,120,116,117,115,114,118,127,135,145,152,150,129,115,108,85,49
81,99,109,107,109,121,130,131,127,121,114,109,109,117,131,139,149,154,147,124,113,101,71,33
