83,81,62,42,39,34,40,59,88,117,129,133,135,135,131,127,122,115,108,110,112,120,124,119
80,65,57,60,64,60,59,63,77,99,115,123,126,123,113,100,82,68,63,63,64,72,89,108
78,66,63,69,68,66,62,62,68,81,101,114,119,113,98,82,66,57,58,61,65,68,74,84
80,75,65,58,55,50,48,51,58,70,92,115,124,112,91,76,67,64,66,71,78,84,82,74
85,74,52,41,51,39,37,40,47,63,90,126,140,119,83,65,53,44,38,40,44,62,82,91
91,81,66,58,61,50,52,54,56,66,92,132,146,121,83,62,61,57,45,51,51,48,60,82
99,94,87,83,81,79,80,78,74,79,103,137,147,127,101,85,81,75,65,70,73,75,83,97
105,106,105,103,103,107,104,96,89,91,113,141,148,133,119,108,101,94,89,94,102,111,119,125
107,114,118,118,119,122,117,107,98,98,118,141,147,136,130,126,122,117,114,120,129,137,143,147
106,117,126,128,127,127,124,116,105,103,122,141,144,136,135,141,142,141,140,145,146,148,152,154
100,109,120,127,130,131,125,111,100,109,132,145,144,136,129,135,143,148,149,153,155,158,156,150
96,103,112,122,128,121,103,94,98,105,131,145,142,133,129,120,118,128,144,152,161,162,155,144
91,97,106,114,117,102,83,82,88,85,107,117,111,102,112,102,93,103,128,140,153,154,145,135
86,92,100,105,101,84,79,81,77,66,73,75,67,65,87,95,89,91,109,121,132,135,130,124
82,88,94,95,88,78,86,89,81,73,68,65,66,75,93,114,112,98,94,107,116,118,115,113
80,86,91,88,80,85,91,91,89,93,90,85,92,108,124,134,131,113,91,93,104,108,105,103
82,87,88,85,83,87,92,93,93,98,103,104,109,119,132,137,133,116,91,80,96,104,102,100
83,87,89,88,85,74,74,77,80,87,93,94,94,98,103,104,98,89,81,79,95,104,103,101
83,85,91,93,85,63,52,53,62,75,80,74,73,77,71,64,60,64,76,92,103,105,103,102
82,81,87,93,93,87,78,72,76,92,104,105,109,115,105,95,101,112,116,114,111,106,103,103
75,78,82,88,92,94,94,90,90,101,111,115,119,126,127,124,126,127,124,117,111,104,101,102
52,70,79,81,87,92,95,95,93,94,95,97,101,109,119,125,127,124,118,111,104,99,97,96
26,54,72,77,83,89,91,92,91,89,87,88,91,96,105,113,118,116,109,103,96,92,89,85
12,37,62,76,81,86,89,91,93,96,101,105,105,105,105,109,112,111,105,100,92,86,81,74
