69,75,74,63,48,49,50,52,56,64,78,89,97,96,76,59,42,33,37,49,56,78,97,99
67,62,51,39,32,28,27,29,35,44,60,79,95,95,71,51,38,31,29,33,39,49,66,83
60,50,44,42,38,33,30,30,32,39,52,78,101,103,76,57,50,47,44,50,58,60,63,72
53,47,50,55,52,45,40,39,41,44,55,82,109,114,84,65,62,64,63,65,75,80,76,70
52,50,46,45,50,36,28,31,40,44,55,82,110,117,88,61,55,62,63,40,42,54,66,70
57,48,43,52,69,59,57,55,51,51,62,86,114,126,102,77,63,72,82,44,34,37,53,73
70,62,58,64,76,72,74,71,66,65,70,87,113,130,114,97,84,81,82,67,61,64,76,90
80,80,82,87,92,91,91,87,81,79,76,89,115,135,122,111,104,100,97,97,97,99,103,106
86,93,103,109,112,111,108,101,93,85,78,94,122,141,127,114,113,119,122,120,120,122,121,117
94,100,107,112,114,114,112,106,94,80,78,95,126,145,126,110,110,121,130,131,131,132,132,129
93,99,104,108,114,118,115,103,87,78,81,91,113,131,120,111,101,110,135,135,136,137,136,133
89,95,100,106,112,116,111,95,75,66,52,60,78,88,80,81,82,99,129,140,141,136,131,128
84,90,97,105,110,110,104,88,69,57,37,40,51,57,57,65,80,101,122,137,138,132,124,120
81,86,94,102,106,106,100,87,72,56,42,38,41,46,53,69,94,112,119,128,129,124,117,114
80,85,91,96,100,102,99,90,74,51,28,26,31,32,26,50,87,113,119,124,121,116,112,110
81,84,88,92,95,99,90,72,51,29,18,20,25,23,17,26,53,84,107,119,115,110,108,107
75,81,87,90,87,76,56,39,30,27,31,40,46,44,35,30,32,45,70,100,107,108,107,104
68,76,85,84,71,48,26,19,24,34,46,55,61,61,53,43,30,24,36,70,92,102,104,101
65,72,79,74,54,30,21,25,34,42,55,62,65,66,65,55,42,29,25,43,75,94,98,94
62,65,70,66,47,32,32,42,53,63,81,92,98,100,99,82,58,37,28,39,73,90,91,86
61,61,67,69,60,55,58,63,65,63,65,66,69,74,84,87,84,73,63,64,87,91,82,78
60,59,65,71,68,66,70,75,75,67,59,55,54,58,69,83,93,93,85,78,90,86,76,75
58,57,62,67,66,63,69,77,81,78,72,69,68,70,77,86,92,91,85,79,85,80,72,73
55,56,60,62,59,57,66,76,83,87,88,88,90,93,99,97,91,83,75,76,82,77,70,70
