93,90,78,61,49,39,39,48,61,73,92,98,89,72,56,46,38,33,30,26,22,24,23,19
89,77,74,77,76,72,60,54,57,65,85,102,103,88,69,54,44,40,43,51,51,44,33,25
84,74,74,82,84,83,70,61,62,70,88,111,121,108,86,72,63,60,66,79,82,74,57,41
84,81,75,70,66,62,57,59,67,76,91,120,135,125,97,83,76,71,72,78,84,85,75,60
91,84,69,55,47,37,38,50,62,68,86,123,147,138,103,81,72,61,46,45,57,66,69,69
98,87,71,61,62,54,60,74,83,78,88,125,152,147,116,92,83,72,53,46,55,58,63,74
105,100,88,79,79,77,80,86,92,93,99,129,154,153,129,112,98,88,81,80,85,86,91,101
110,113,109,103,100,101,102,105,108,108,109,133,154,156,139,133,124,114,109,111,115,120,127,134
112,120,126,128,126,126,128,130,127,119,115,134,154,157,144,146,149,144,134,135,139,146,153,157
113,124,137,147,151,151,148,140,130,120,116,134,154,159,146,148,154,159,162,167,169,172,170,166
114,123,138,150,155,155,150,136,121,114,116,137,159,166,151,141,143,153,166,173,180,182,177,169
114,120,132,144,151,150,135,115,104,107,113,135,156,161,147,137,125,125,142,160,171,176,172,165
112,114,122,132,139,134,115,100,96,98,99,116,131,131,118,120,117,113,116,134,149,157,157,152
110,107,110,117,119,109,100,100,101,92,88,92,97,95,88,106,126,126,109,107,120,132,135,132
111,102,99,100,96,88,96,105,107,102,99,94,90,92,108,132,146,141,119,92,94,105,111,109
117,101,92,90,85,92,100,105,106,108,109,113,118,128,143,151,150,141,123,97,85,90,98,96
136,107,94,95,90,89,78,77,87,93,99,106,112,118,124,125,116,102,96,106,105,109,108,98
176,122,95,101,103,93,67,61,77,91,103,114,120,121,122,119,99,82,89,124,131,129,119,106
214,139,96,100,110,110,86,75,86,109,126,143,152,154,157,150,122,106,122,145,143,129,115,109
195,148,107,96,107,112,106,94,91,107,121,133,138,138,144,141,130,129,142,144,139,122,107,106
188,148,111,95,96,106,109,101,95,104,118,125,127,130,137,131,128,133,140,135,125,113,106,107
171,127,99,94,92,98,105,103,97,98,104,107,108,112,119,120,124,130,133,127,117,109,107,112
130,101,84,88,94,95,101,104,101,95,95,96,98,101,108,117,125,131,130,122,113,109,114,124
85,89,81,78,95,97,100,105,105,98,99,102,105,109,115,123,133,137,132,123,111,110,123,138
