68,69,69,65,56,45,41,45,57,79,100,103,95,80,57,44,34,29,30,34,34,33,29,22
72,79,84,85,82,72,63,62,70,83,107,115,108,90,69,61,56,57,67,78,79,68,48,32
77,80,80,76,69,66,64,67,75,86,114,130,126,105,82,75,69,68,77,91,96,86,67,51
79,70,61,51,38,40,52,63,70,85,117,141,140,115,89,77,69,60,56,64,74,76,71,66
78,61,51,49,43,42,62,70,68,82,116,146,147,120,92,76,69,58,40,39,50,59,65,71
86,74,68,69,70,77,85,86,82,90,118,149,154,131,109,90,85,77,64,64,69,69,72,81
101,91,82,79,80,84,91,96,98,101,124,151,156,140,125,112,99,90,85,87,89,92,100,113
116,111,106,102,102,104,110,113,112,111,128,151,158,147,137,135,126,116,111,114,117,124,134,143
127,131,134,134,135,136,136,129,119,115,129,151,159,150,143,150,153,148,142,146,149,155,159,160
132,142,150,153,152,149,141,129,119,115,129,151,160,152,145,150,157,162,165,170,173,174,172,167
130,142,153,156,154,148,134,120,112,114,132,155,167,160,143,138,144,156,169,176,181,182,177,168
125,137,148,152,149,133,112,104,107,111,131,152,161,155,139,131,121,127,149,165,173,176,172,164
117,126,136,140,133,113,99,96,98,99,113,129,134,125,117,122,114,110,122,141,154,159,157,152
108,114,120,120,110,99,101,100,92,86,91,98,97,91,94,118,128,119,105,114,127,136,137,134
99,101,102,98,90,97,105,106,102,96,94,88,85,93,112,138,147,134,109,91,100,111,115,113
93,93,88,86,95,103,106,108,109,108,110,113,120,133,146,153,150,138,117,89,84,91,98,97
93,95,91,87,89,83,86,91,97,100,107,113,119,127,132,128,119,109,102,101,96,102,105,96
94,99,100,97,88,63,65,78,90,97,108,110,115,121,118,109,89,80,94,122,123,122,117,104
97,98,104,109,101,68,63,81,101,112,127,128,135,146,134,120,90,84,114,141,143,131,117,109
110,98,101,112,111,100,83,90,112,124,150,154,157,161,144,130,119,126,144,144,141,124,108,106
128,104,95,103,111,110,96,95,107,120,134,134,137,146,147,134,129,136,144,138,127,114,106,106
117,103,93,95,104,109,102,96,99,109,115,114,115,122,128,126,129,134,136,129,117,108,106,108
93,95,93,93,97,104,104,97,93,98,102,103,103,105,109,118,127,132,130,122,113,107,109,116
81,84,91,96,96,102,105,100,94,93,95,96,99,103,109,117,126,130,128,120,112,109,115,126
