110,127,145,157,165,172,177,182,187,192,194,198,202,204,209,205,197,190,185,180,175,173,164,148
109,126,147,162,169,175,178,183,190,194,194,198,201,202,203,201,199,194,189,185,179,176,165,147
104,124,144,155,159,155,149,150,160,177,186,192,195,194,190,181,172,165,163,166,167,165,156,142
101,119,136,143,141,126,114,111,122,144,167,182,188,185,172,154,135,122,121,132,146,151,145,136
100,113,128,134,123,104,94,102,116,121,144,173,187,178,155,136,120,103,89,101,123,140,142,132
102,113,118,102,67,54,49,88,136,131,127,162,186,174,145,132,133,105,56,56,65,100,133,139
109,119,115,95,69,62,65,104,147,142,127,160,183,170,146,146,144,117,77,70,74,103,132,143
121,133,136,126,112,108,110,131,153,149,137,167,185,170,154,160,157,141,123,118,125,140,153,155
130,148,166,169,160,158,155,159,162,153,146,176,190,173,159,168,172,170,167,166,174,180,177,168
129,152,175,186,189,188,186,185,177,161,151,180,194,175,159,172,186,192,191,190,192,190,182,170
125,148,171,186,196,199,199,195,182,161,152,180,194,177,157,167,186,196,196,196,197,192,181,167
114,141,168,184,195,202,205,200,182,153,157,185,200,186,158,163,182,195,198,202,199,190,177,165
99,131,162,180,191,201,203,196,175,150,161,189,204,192,161,160,172,186,194,201,194,183,170,159
84,118,152,171,184,195,192,181,163,144,149,174,188,177,151,150,159,170,180,188,183,174,160,147
73,106,138,157,170,179,172,164,151,125,115,129,138,131,124,134,151,161,164,173,172,164,151,140
62,97,126,140,153,159,159,160,160,149,136,132,134,139,147,154,161,164,162,163,162,154,143,136
62,95,121,133,145,149,153,160,167,167,159,157,161,165,166,169,170,170,166,158,159,152,141,136
60,97,128,140,146,149,144,140,143,154,155,163,170,168,158,158,149,147,157,160,162,155,144,137
50,94,137,154,150,157,139,113,105,127,139,154,164,161,145,137,113,112,145,168,166,162,150,132
44,85,136,160,151,170,167,136,113,139,167,189,201,199,180,150,127,137,173,183,167,165,149,113
37,66,121,155,148,177,176,159,145,144,150,159,169,169,152,147,152,166,182,186,167,160,137,92
30,44,94,140,145,173,177,170,163,158,157,160,165,165,157,160,169,180,185,177,163,148,117,79
27,34,68,111,139,157,175,177,170,172,176,180,182,181,178,177,178,182,182,164,156,122,86,74
28,39,53,83,132,141,172,186,179,176,181,184,187,188,182,180,184,184,174,155,148,95,57,75
