42,68,87,93,99,102,104,107,112,120,124,128,131,132,132,133,136,137,137,136,132,123,92,49
60,75,84,84,83,74,72,72,78,93,105,114,118,116,110,105,103,104,107,112,115,118,108,89
71,70,82,101,107,81,64,58,63,74,81,95,103,97,86,78,75,73,72,78,99,110,107,97
69,59,83,128,149,116,76,59,63,69,70,80,86,86,92,78,67,61,59,63,89,100,92,79
65,58,79,125,160,129,74,47,52,63,72,73,71,86,135,100,68,58,64,69,78,84,82,76
80,60,57,84,118,99,50,27,36,49,58,73,80,93,133,88,52,36,32,39,46,61,77,86
79,71,60,59,70,65,53,46,49,53,52,82,90,77,95,72,54,43,38,50,52,61,81,100
77,83,78,66,62,63,68,70,67,64,59,92,104,84,72,75,73,67,67,77,78,83,98,116
83,93,94,89,85,85,86,85,80,70,71,98,118,108,77,90,95,93,96,102,105,110,116,120
92,96,97,96,97,97,98,97,87,69,78,102,120,116,87,92,104,110,110,115,118,120,116,106
92,93,92,91,93,96,97,91,79,73,84,107,126,123,95,83,99,113,112,116,117,112,110,113
90,91,92,93,95,101,104,97,83,72,82,107,125,123,104,83,94,110,112,115,117,118,120,122
87,90,95,100,104,110,110,98,80,67,69,90,104,102,95,84,93,108,117,122,124,127,128,125
86,91,97,104,110,114,106,88,71,64,57,68,75,73,74,86,97,108,120,130,130,128,125,121
85,88,93,98,101,102,93,84,78,73,66,67,73,76,73,100,108,105,109,119,122,121,119,116
82,85,89,92,93,95,90,88,88,85,86,87,94,105,113,122,119,108,102,108,113,114,112,108
79,82,85,87,88,92,91,90,91,91,96,102,108,115,123,122,113,103,99,102,103,104,103,102
78,79,82,84,86,89,85,79,74,76,77,84,88,89,95,96,85,81,90,99,100,99,98,98
79,79,80,82,85,86,76,63,55,53,49,54,58,60,67,74,63,61,80,98,102,100,98,98
79,79,79,82,86,88,80,74,72,69,73,80,85,89,95,98,98,92,86,99,103,100,96,95
97,83,76,79,83,89,89,88,85,81,79,77,78,84,95,106,112,111,104,102,100,97,93,91
93,80,74,77,81,87,89,89,89,89,87,85,86,91,101,111,116,118,116,106,98,94,90,86
73,71,72,76,80,84,85,87,91,99,101,105,109,112,115,118,119,120,118,106,97,90,87,85
58,65,71,74,77,82,86,89,95,107,113,120,127,129,124,126,125,121,114,101,93,85,83,88
