59,68,78,84,90,94,102,110,116,121,123,125,124,122,125,128,129,128,126,123,120,118,113,107
67,71,77,83,88,90,98,105,111,116,121,122,120,119,117,113,107,99,92,90,89,92,99,104
72,71,68,66,65,63,66,72,81,92,109,114,112,107,97,85,71,60,56,60,65,70,77,85
73,66,55,46,45,42,40,43,51,66,92,104,105,97,79,64,50,43,45,55,65,68,69,72
72,57,47,46,48,50,49,48,50,57,81,99,107,101,78,65,60,58,57,63,73,79,83,85
71,62,58,55,46,39,33,33,39,50,74,104,119,108,76,60,54,48,40,41,49,66,86,99
74,71,65,59,53,48,41,40,44,52,72,107,123,111,90,76,68,60,56,66,78,91,103,112
79,79,78,74,70,66,61,58,58,61,77,108,122,114,103,93,85,79,80,93,106,114,119,121
83,85,92,96,92,86,81,76,72,72,86,110,121,116,112,106,101,99,101,107,117,124,126,125
85,89,99,107,106,105,99,90,82,78,91,112,120,117,119,121,121,120,120,124,128,130,129,126
88,89,97,108,113,111,105,95,85,82,96,112,117,116,122,123,125,128,132,135,136,135,131,125
87,88,97,108,113,111,101,88,79,81,100,116,120,115,114,112,111,117,128,136,139,137,131,125
87,85,92,102,105,100,85,74,70,74,93,110,112,104,101,96,89,91,107,123,131,131,125,120
95,84,83,90,91,77,65,62,64,62,74,87,88,82,85,86,77,72,80,101,114,118,115,108
116,87,75,79,72,54,56,60,58,51,53,57,60,63,68,88,95,81,64,76,94,105,106,102
118,86,70,68,55,50,56,59,55,51,51,52,56,65,79,94,98,86,66,56,72,91,101,100
125,88,71,66,47,50,56,58,57,58,65,70,74,81,92,97,94,85,69,54,59,82,101,100
142,94,73,71,51,54,48,48,55,64,70,77,82,87,92,91,80,68,65,67,60,80,101,99
172,101,71,76,64,61,43,37,51,66,68,73,79,85,88,84,65,55,67,86,75,85,98,93
221,114,63,76,79,72,67,57,55,74,86,96,102,102,94,88,80,88,106,96,88,90,91,85
246,153,82,69,80,75,74,67,61,67,80,86,89,92,95,94,94,101,109,103,96,90,83,75
254,205,118,61,70,72,72,69,66,62,69,74,77,80,85,90,97,104,106,104,97,86,73,64
255,239,147,59,59,65,65,67,68,64,64,65,67,69,75,86,99,105,104,99,90,77,66,61
255,241,153,62,53,57,59,63,68,68,63,58,56,61,73,91,104,108,101,93,81,68,61,66
