87,92,94,93,96,111,124,131,138,151,147,145,144,147,150,145,130,119,121,129,138,143,146,146
86,81,74,66,59,63,79,101,124,144,148,144,141,135,117,95,75,65,71,88,98,114,128,132
79,74,71,69,62,52,56,75,101,122,137,136,132,124,98,72,58,62,80,91,97,103,109,113
72,74,82,89,86,74,66,69,81,97,116,121,119,113,93,83,82,94,111,113,116,108,98,95
72,76,82,82,76,76,79,78,75,80,95,107,109,99,84,90,97,93,83,88,98,99,92,83
75,68,63,57,47,44,55,65,66,64,85,114,116,92,77,78,74,59,43,45,59,69,73,76
81,67,57,52,44,34,55,65,61,69,91,130,138,109,86,73,80,71,41,37,60,75,80,84
90,78,68,65,63,57,75,80,74,83,103,142,153,130,111,93,99,94,71,66,83,101,109,107
99,92,84,82,87,92,98,99,96,95,113,145,157,145,136,126,117,112,109,107,110,125,136,134
103,97,91,91,98,107,110,110,106,101,117,147,159,148,145,147,135,126,129,129,133,136,143,153
106,110,107,100,97,104,114,117,110,99,115,146,157,145,144,158,154,140,132,130,141,152,160,165
103,113,121,123,122,122,124,119,108,99,119,146,153,142,137,149,160,159,153,155,160,165,165,159
98,110,125,135,138,135,129,116,102,99,125,147,154,146,135,132,145,158,164,171,171,171,165,154
93,105,119,128,131,128,120,105,92,96,123,142,149,143,130,114,116,132,151,164,167,167,163,155
92,100,110,116,118,114,101,91,85,85,105,116,117,110,99,98,99,110,132,146,156,158,153,147
107,97,96,103,103,98,95,95,85,61,69,70,64,58,62,95,124,132,124,122,137,144,141,134
131,100,86,90,88,88,93,98,91,69,69,70,66,64,81,110,129,132,124,110,115,125,129,127
153,106,80,79,78,84,91,98,100,93,89,88,87,90,107,120,119,116,117,108,106,112,120,124
157,107,77,75,78,82,84,91,100,103,98,89,86,92,99,105,102,95,93,103,111,113,114,118
122,94,79,84,92,77,70,75,83,86,83,74,68,69,75,75,74,67,62,85,107,118,117,113
56,71,85,94,97,81,64,64,75,79,88,90,92,97,102,104,102,97,89,84,103,123,124,110
23,50,79,97,100,90,81,84,90,89,96,100,100,101,107,111,114,117,115,103,109,125,126,110
19,33,64,93,101,100,101,106,107,103,100,101,97,93,102,104,109,117,123,123,119,124,123,112
18,21,52,88,100,106,105,106,109,107,102,102,98,97,109,107,104,110,122,131,125,123,120,114
