28,33,35,33,29,26,27,33,44,63,75,79,73,60,42,32,23,18,16,16,20,23,24,23
29,27,24,25,28,27,27,31,38,52,65,69,64,52,37,29,26,25,25,24,22,20,20,22
28,26,26,30,31,28,26,26,30,39,52,59,53,40,28,25,28,30,30,29,26,23,22,22
29,31,34,36,35,29,24,23,24,30,44,54,48,32,22,24,28,30,30,28,26,26,25,23
34,34,30,27,30,28,26,24,24,28,41,54,48,29,23,28,29,29,28,25,21,22,24,26
35,28,20,18,21,25,29,27,24,28,37,53,49,28,23,27,32,27,17,17,15,17,22,26
32,26,20,21,27,31,30,28,28,30,40,54,50,32,25,29,32,30,23,23,23,26,31,34
36,35,33,31,34,35,32,32,34,34,46,57,53,37,29,34,37,36,34,33,36,42,44,43
43,49,48,42,39,39,41,42,41,39,50,61,57,40,31,37,42,44,44,46,51,56,54,46
45,53,56,53,51,52,57,54,44,40,54,66,61,43,32,35,43,51,58,63,64,64,58,44
44,51,58,60,61,61,59,51,41,39,53,64,61,45,33,33,44,56,66,70,70,69,60,45
44,52,63,72,71,61,52,46,43,44,58,70,65,50,43,40,40,48,62,71,70,65,55,42
44,51,66,78,74,55,48,46,46,49,62,73,65,48,45,39,35,39,52,62,63,57,46,35
40,46,61,72,65,47,47,48,44,45,52,60,53,36,32,29,32,37,41,46,50,46,36,27
35,38,48,53,45,36,39,40,34,27,27,31,27,17,14,22,32,38,37,32,37,36,28,20
33,32,38,39,29,31,30,26,20,15,15,21,22,16,11,13,18,22,22,20,26,28,23,17
44,33,33,34,22,21,21,19,17,15,17,24,26,23,18,15,14,15,14,14,22,25,21,17
76,44,32,35,26,18,23,40,56,62,67,68,69,69,61,47,34,25,20,22,28,26,20,17
131,65,32,38,36,28,36,68,108,127,134,129,130,133,117,87,60,41,34,37,37,27,19,18
202,94,32,37,45,43,39,48,73,104,115,116,120,119,93,65,46,38,40,40,31,22,18,19
240,143,58,32,43,49,46,43,49,66,88,88,83,79,68,49,37,35,40,40,26,18,18,20
251,176,83,31,36,48,49,46,44,48,63,63,56,52,46,38,33,34,37,33,21,16,18,19
251,191,95,30,31,42,48,48,46,44,44,42,38,34,30,30,32,34,32,25,19,16,17,18
251,195,97,27,28,37,45,47,45,39,34,27,22,21,22,25,31,34,29,21,17,16,17,18
