58,65,60,48,49,71,110,150,177,181,177,171,169,169,164,153,130,101,70,40,27,23,24,26
92,101,102,94,85,75,70,81,107,142,169,168,160,149,121,89,63,48,43,44,43,40,38,37
116,117,116,110,96,70,50,50,71,109,156,161,146,119,70,38,31,42,58,67,65,59,55,53
118,102,91,85,72,50,53,62,75,101,147,157,135,92,36,22,42,71,86,74,61,55,54,54
110,78,63,61,45,27,55,72,77,107,147,157,130,76,22,20,51,81,79,40,24,26,32,32
102,80,86,98,77,60,74,83,88,112,145,156,127,70,24,20,55,98,102,38,38,39,33,32
122,109,114,126,118,97,94,97,104,120,143,151,121,67,31,21,54,95,108,76,73,62,48,46
142,139,139,140,138,128,123,121,124,131,143,147,118,68,45,30,47,75,93,94,89,78,72,74
151,156,157,151,146,147,147,143,139,141,145,149,120,73,58,46,46,60,79,92,92,93,97,101
155,162,166,165,161,152,147,145,145,146,152,159,130,80,62,60,62,70,87,104,112,117,116,110
154,164,167,164,160,159,156,155,153,146,157,168,143,91,64,61,69,82,98,113,121,124,119,110
151,163,170,169,166,168,169,165,156,148,161,175,154,103,68,55,60,80,104,118,123,124,117,103
147,160,170,173,174,176,174,165,153,148,165,179,159,107,64,50,46,67,105,120,122,121,110,93
143,155,165,172,177,177,172,161,148,141,160,172,147,92,48,46,41,59,103,119,119,113,100,83
140,150,162,171,173,170,168,162,148,128,136,140,109,54,29,39,52,73,102,115,111,100,85,71
142,146,155,163,166,167,163,154,143,135,137,125,92,56,42,48,61,83,107,111,99,85,71,60
144,145,149,154,160,159,155,150,147,146,145,121,100,88,67,69,74,83,98,106,86,70,64,64
145,149,150,152,157,152,151,152,150,146,142,127,120,114,85,83,81,77,82,102,79,65,69,78
143,153,156,156,158,144,140,139,135,128,125,129,126,110,83,75,69,63,69,104,84,72,80,92
138,151,159,161,157,115,95,92,97,103,105,102,94,80,64,49,36,36,62,122,96,80,86,94
129,145,157,161,159,133,124,114,108,116,111,108,105,97,78,60,50,58,90,141,105,82,83,87
128,139,152,159,159,151,151,142,131,133,128,121,113,100,81,68,68,82,109,142,99,76,74,72
112,126,145,157,159,160,163,160,151,144,137,124,111,100,89,84,90,101,113,122,82,65,62,53
78,109,138,153,158,164,168,170,165,149,131,114,106,109,112,112,112,113,113,98,67,57,52,39
