46,31,24,27,31,37,54,92,132,149,158,158,148,131,113,107,96,87,84,81,74,68,61,55
42,46,49,49,42,35,34,52,81,103,129,131,114,90,69,57,45,40,41,41,39,37,37,37
43,55,64,64,59,44,30,31,46,65,97,98,77,50,35,23,18,19,21,22,25,24,23,24
55,56,66,83,93,57,41,39,45,61,92,91,67,42,37,44,48,42,28,25,29,29,25,22
88,59,72,123,147,62,45,49,55,78,111,109,82,58,63,107,118,85,36,24,26,27,27,28
145,83,86,146,168,69,45,46,47,59,86,80,64,53,59,153,178,121,42,31,28,25,25,28
191,108,80,111,124,73,56,56,56,58,95,78,53,47,52,101,119,94,55,43,37,33,28,22
216,130,83,88,92,80,73,72,71,74,114,85,51,48,59,70,75,73,67,59,52,48,39,26
226,142,96,98,97,94,90,83,82,97,126,91,52,50,69,82,84,81,79,76,72,68,55,38
231,142,101,113,113,108,97,82,83,116,133,96,54,43,63,83,94,96,94,94,93,85,65,44
229,140,102,116,113,102,88,74,83,129,135,99,58,42,55,73,92,104,106,108,104,92,70,48
174,126,102,103,99,94,81,73,92,139,136,98,61,45,52,57,82,103,106,110,104,88,68,55
141,114,94,87,83,85,76,74,92,126,117,78,49,44,48,50,70,87,93,100,94,79,64,58
154,114,86,78,73,71,69,67,72,87,83,51,32,37,41,53,61,66,72,82,80,71,60,53
173,125,93,81,62,52,50,43,38,46,67,52,35,32,36,49,57,57,55,62,68,67,56,44
192,127,89,73,38,30,34,34,32,37,53,43,28,22,23,26,28,31,36,49,67,67,52,38
219,135,93,87,58,53,46,53,67,74,71,57,43,34,25,19,16,19,27,44,72,70,48,34
240,154,105,101,92,89,72,75,99,120,117,102,85,68,48,36,33,37,47,64,82,69,44,34
246,185,122,96,107,108,92,86,103,137,150,144,127,104,76,60,60,70,83,97,87,60,38,33
247,220,142,82,101,108,99,93,99,114,118,124,119,103,87,67,65,77,92,96,68,44,32,29
246,208,128,71,89,104,106,97,93,104,107,113,108,89,69,62,73,85,85,75,50,34,29,26
203,148,88,61,71,96,110,106,93,86,84,86,83,73,66,73,84,85,74,54,37,29,25,23
124,84,60,53,49,83,108,114,104,88,82,79,79,80,85,93,90,77,59,37,28,24,22,22
54,58,63,52,30,67,102,118,119,117,113,108,106,109,110,105,90,67,44,29,23,20,20,23
