96,108,119,127,137,150,162,172,174,170,171,172,172,169,166,151,138,127,114,98,81,79,84,86
101,102,89,82,99,114,128,143,155,159,161,158,156,149,128,102,89,79,66,54,43,44,56,67
96,79,89,114,122,123,104,103,117,121,111,112,115,118,121,125,96,64,50,43,35,32,37,46
83,59,116,193,192,172,103,71,82,87,74,77,87,112,167,200,146,81,60,59,54,47,42,42
74,63,134,227,242,210,107,55,70,90,99,92,104,155,233,245,176,94,55,56,58,58,58,60
85,74,139,227,248,215,97,44,69,88,100,98,139,211,241,252,197,108,40,36,38,44,63,86
100,82,123,201,248,226,110,55,76,95,120,128,153,199,237,253,199,112,51,51,44,52,77,101
118,104,112,145,176,167,102,69,84,106,136,150,150,150,160,164,139,101,74,73,64,75,98,113
131,129,116,102,98,95,87,86,95,115,142,156,144,109,75,63,78,95,98,94,93,104,118,124
133,131,125,121,120,118,114,115,117,118,147,161,144,108,86,86,102,117,121,124,126,129,129,127
127,127,132,140,141,139,140,130,119,126,154,165,154,123,81,82,108,135,146,146,145,141,136,134
129,128,133,145,155,149,132,121,124,139,168,173,162,139,100,91,94,113,142,146,143,135,127,124
132,136,140,146,154,146,125,120,131,137,162,165,149,125,106,96,80,95,139,148,145,137,128,119
130,143,153,154,149,138,133,136,133,116,129,130,109,81,78,80,77,98,142,154,152,149,138,123
120,137,157,167,161,139,135,136,121,86,83,78,61,39,35,47,74,101,120,131,146,148,134,116
108,129,150,155,145,126,103,86,70,47,48,62,61,43,36,36,44,52,59,74,120,139,123,100
84,110,135,141,124,92,61,56,70,73,81,96,99,85,71,62,54,45,40,55,107,131,111,77
56,80,113,126,105,72,47,57,85,98,110,116,115,106,89,81,75,71,72,81,118,125,94,57
34,51,87,113,105,87,76,82,93,93,106,107,103,96,84,82,88,104,119,116,133,115,73,43
27,37,69,111,135,122,121,125,124,118,130,134,125,113,111,115,119,126,128,102,115,94,53,32
24,27,53,95,127,122,137,142,130,119,108,90,80,82,88,107,123,128,113,72,75,64,42,28
21,23,42,74,97,94,126,142,131,111,81,57,53,65,85,107,109,96,72,42,39,37,29,23
19,22,33,49,59,59,91,114,116,104,73,59,59,71,90,98,80,54,35,23,20,19,18,17
18,21,26,28,30,39,52,71,90,100,84,77,79,83,82,70,50,33,22,18,15,13,13,14
