113,119,128,138,146,154,166,173,171,166,166,166,167,166,164,164,156,145,134,121,109,100,92,86
113,115,116,116,119,134,148,158,163,165,165,163,164,164,155,146,135,125,115,100,93,90,86,82
103,105,119,128,116,107,106,116,127,128,122,121,125,127,121,107,96,89,78,62,56,56,61,66
88,111,155,184,160,90,62,64,76,83,72,77,82,90,120,117,91,64,48,38,32,31,38,48
81,134,201,243,225,87,34,29,43,68,70,78,80,103,189,210,141,68,45,46,43,40,41,45
84,97,152,216,220,75,30,37,56,78,96,86,98,153,223,235,150,69,51,48,47,47,52,61
98,81,89,124,143,64,45,51,62,84,111,116,118,134,166,200,143,71,45,41,35,40,60,84
119,98,82,86,98,74,66,66,73,92,127,143,126,94,91,119,107,77,58,53,45,56,81,103
135,124,114,110,105,98,90,89,94,104,142,157,127,75,56,60,78,90,88,84,81,91,107,114
134,129,129,129,124,120,120,119,115,116,148,161,136,90,71,77,96,110,113,115,116,119,121,121
129,134,143,150,151,147,144,127,113,128,157,166,144,104,74,80,107,133,144,143,140,136,129,124
127,133,153,171,166,145,125,116,123,143,170,171,153,123,85,84,98,126,154,158,153,149,139,126
134,143,160,167,149,117,106,117,137,152,175,172,155,133,103,92,82,96,130,143,141,136,129,120
143,156,160,144,114,92,110,128,131,134,155,153,133,111,98,86,67,69,97,116,120,116,110,108
138,151,152,132,102,100,114,112,91,78,100,103,79,49,41,41,51,69,90,107,126,132,121,106
122,136,130,100,70,62,66,64,53,45,56,64,54,34,31,31,36,43,49,57,94,120,115,92
92,115,108,78,56,45,57,72,77,76,86,92,86,71,60,54,47,44,45,52,85,112,104,70
64,94,102,87,74,69,81,96,105,109,121,121,113,100,84,76,72,76,83,85,107,114,88,49
45,76,110,120,109,116,112,106,106,112,124,120,110,100,88,86,97,115,124,114,132,112,67,36
32,63,108,132,124,140,137,130,127,129,144,136,124,117,105,106,117,124,116,93,110,85,44,30
26,51,92,113,105,137,144,136,122,110,102,92,89,92,92,107,118,112,88,64,72,56,32,26
24,40,64,76,74,114,131,131,116,88,67,55,58,73,93,103,97,78,52,37,38,32,24,23
22,29,37,41,46,74,97,111,107,80,60,53,58,74,94,85,65,43,26,20,19,18,17,18
18,21,22,23,28,40,61,83,94,87,71,72,81,87,81,61,41,27,19,15,14,13,13,14
