34,37,38,40,46,52,57,63,68,70,72,72,71,70,70,66,63,61,59,57,53,49,46,46
36,34,28,25,27,30,36,47,57,63,67,68,68,67,63,52,41,33,30,29,32,39,45,45
33,27,22,20,21,20,21,29,42,53,56,58,58,56,48,33,21,15,15,16,18,26,37,43
31,26,25,28,29,23,18,21,30,42,47,48,48,44,32,19,14,15,19,21,20,22,31,42
36,35,34,34,33,27,22,21,25,32,44,50,48,38,23,19,20,21,21,25,27,30,37,45
40,33,24,22,30,25,21,21,25,30,53,68,65,45,24,33,37,27,16,27,23,28,41,52
43,36,29,28,33,29,24,24,28,34,59,80,77,53,32,34,35,31,28,39,38,43,54,59
47,44,43,42,41,38,34,34,37,43,63,82,81,62,44,40,38,39,42,49,54,60,65,66
48,52,57,58,54,52,50,48,48,52,65,78,79,68,56,56,55,54,56,60,67,71,71,68
46,56,66,71,71,68,64,58,53,54,64,77,77,67,60,70,75,75,75,78,81,80,72,62
47,57,70,77,78,76,70,59,51,54,64,77,78,66,56,62,73,81,82,87,89,82,70,61
49,59,72,81,81,76,66,56,52,57,67,81,81,69,61,49,58,73,82,87,91,84,70,61
49,58,71,79,76,67,58,52,49,52,60,69,67,59,58,41,45,61,76,80,82,77,66,56
46,54,65,70,63,53,52,47,39,38,43,44,39,35,43,43,46,54,62,68,67,63,55,47
39,45,52,53,47,46,49,43,30,25,28,27,22,19,31,53,61,55,48,50,52,49,43,37
30,34,37,38,40,41,37,29,20,18,19,21,18,14,21,37,46,47,43,34,35,34,31,28
24,28,31,31,29,26,23,20,19,21,26,29,27,23,24,26,27,28,28,27,30,28,23,22
22,25,30,28,18,15,17,20,23,28,33,34,34,33,29,23,18,15,15,22,30,26,20,19
21,23,29,29,18,18,22,25,28,33,36,35,37,38,34,27,22,18,15,19,30,25,17,19
19,20,28,33,27,28,29,31,34,42,48,49,51,51,46,40,36,30,24,30,30,21,15,18
40,26,24,30,31,38,40,38,34,31,30,28,28,32,37,43,47,41,31,33,25,17,13,14
93,42,18,27,32,37,42,43,37,26,20,16,16,20,30,43,46,40,32,31,21,14,13,12
170,70,17,24,29,31,39,43,40,30,23,19,20,26,32,41,39,32,28,27,18,13,12,12
233,100,22,21,24,27,35,40,39,35,29,24,29,37,35,37,32,25,22,24,19,13,11,11
