132,127,121,121,125,133,141,148,157,168,177,176,175,174,168,162,154,149,145,135,127,115,101,90
111,104,104,104,97,94,92,97,114,141,161,170,171,167,161,147,123,99,86,78,77,78,75,68
117,116,117,115,101,89,79,81,96,124,153,171,172,161,149,125,93,68,59,63,68,75,78,75
134,135,128,116,105,90,80,81,95,117,149,170,172,155,133,99,77,68,69,74,75,80,86,90
130,120,95,73,69,55,46,56,79,104,134,158,162,143,111,74,66,77,79,58,48,48,58,69
132,114,87,73,80,63,53,64,88,108,129,146,148,127,90,60,66,91,101,63,37,36,42,42
140,130,115,108,108,98,89,93,106,118,131,142,140,118,85,66,73,95,106,80,61,56,58,57
147,145,140,135,131,125,118,118,123,128,134,140,134,112,86,75,80,96,110,106,98,92,91,93
151,152,151,148,143,138,134,134,136,135,137,139,130,108,85,82,87,100,118,126,128,125,123,125
150,157,162,160,155,150,148,148,145,138,138,143,133,106,81,87,100,111,119,130,138,142,140,136
153,162,169,168,165,161,158,154,145,133,144,151,139,109,79,80,104,126,133,139,145,147,144,138
155,162,166,168,168,159,147,141,141,140,154,160,145,112,82,78,88,112,140,147,150,150,145,137
157,160,162,162,159,143,134,134,137,141,152,155,136,103,79,76,70,88,130,148,151,148,141,132
157,157,157,153,142,128,135,140,137,133,138,134,111,80,69,73,68,80,115,141,145,141,131,122
151,151,149,141,129,134,145,149,143,134,127,109,85,66,65,77,90,105,120,132,135,129,118,109
151,146,138,131,129,140,147,148,145,147,145,129,116,110,105,104,107,112,114,118,122,118,106,94
153,146,137,131,130,133,133,131,130,132,138,134,127,121,114,109,106,104,102,103,111,114,103,86
156,150,144,138,126,110,104,111,122,127,135,133,125,114,102,96,85,75,74,87,113,125,110,86
157,156,154,146,124,95,83,99,129,146,155,146,134,122,100,90,67,46,48,83,128,143,121,89
153,157,158,153,145,134,108,105,127,148,166,168,162,152,131,117,86,64,74,117,139,146,126,93
136,148,156,157,157,151,133,118,116,127,144,144,138,129,112,100,83,81,99,123,132,128,113,98
105,130,147,153,159,155,147,137,131,134,138,134,127,120,107,97,88,91,105,111,118,110,100,99
83,111,133,145,156,156,154,152,152,151,146,140,133,126,117,107,98,97,100,98,101,96,89,87
81,102,124,139,150,157,157,156,155,154,150,145,140,132,121,110,104,101,97,94,88,86,80,69
