76,66,54,48,52,66,80,96,109,119,123,129,132,125,106,91,79,67,57,55,48,46,48,48
57,59,60,56,49,41,39,47,62,80,101,112,110,92,65,46,36,31,28,32,34,34,33,30
70,76,77,68,54,41,28,29,44,62,92,106,96,67,35,25,23,26,32,37,42,43,39,33
96,92,78,69,74,58,45,45,55,68,99,114,96,57,31,42,53,52,45,56,52,49,49,46
101,82,55,58,98,67,57,56,59,72,105,125,103,55,37,66,93,73,29,55,36,30,40,50
111,99,76,67,84,84,80,71,66,82,113,129,110,67,42,68,99,94,62,59,42,45,60,70
121,117,106,95,92,89,83,79,82,96,118,129,113,78,54,62,79,83,72,65,64,75,87,89
129,134,132,123,114,104,97,99,104,109,123,131,117,88,64,63,73,82,84,86,92,102,107,104
134,145,148,141,133,127,124,124,122,116,125,133,121,91,69,71,84,96,102,109,113,118,116,107
133,146,154,149,139,138,140,135,124,115,123,131,119,89,69,71,86,102,112,115,119,121,112,94
128,141,153,156,152,146,144,133,118,114,131,140,131,103,72,65,77,97,115,125,129,121,104,87
122,135,148,153,152,148,145,133,123,136,149,151,142,119,84,65,68,86,110,125,129,117,96,78
115,130,145,150,148,146,142,129,122,139,152,152,140,118,87,71,64,75,101,119,123,111,89,70
110,125,140,148,146,143,137,122,110,118,131,133,117,89,70,70,65,72,99,115,115,103,82,63
107,119,133,142,144,138,134,115,98,105,105,100,76,45,41,57,72,88,107,114,108,92,72,59
104,113,126,134,134,131,128,118,106,102,106,102,84,65,61,80,97,104,105,107,97,81,65,55
102,108,119,127,124,123,117,110,104,103,107,108,99,84,77,88,98,101,99,95,85,72,59,51
102,104,113,121,117,115,107,101,99,100,102,104,98,86,78,81,85,89,89,81,74,63,53,49
103,100,106,114,112,102,95,93,92,87,94,92,83,73,69,67,70,77,80,69,62,54,48,47
103,98,100,107,104,79,70,71,72,69,90,94,80,62,55,45,51,66,75,61,52,47,45,43
114,100,96,102,104,97,91,90,97,105,110,109,100,87,74,56,64,76,72,56,46,42,41,39
109,98,92,95,103,111,109,102,99,104,108,109,103,87,70,58,70,77,64,47,39,38,37,34
95,90,86,89,99,110,112,104,92,87,91,92,85,71,57,57,66,66,52,39,34,34,32,28
86,81,81,87,93,101,107,107,99,87,81,73,65,61,60,62,60,54,44,33,31,31,29,24
