137,147,151,149,150,154,158,160,160,158,154,151,151,149,139,133,128,123,114,104,101,93,77,64
146,155,137,109,100,96,96,99,101,98,99,102,105,103,93,84,76,72,70,70,77,80,75,68
158,157,126,89,76,66,65,75,84,84,91,97,92,77,66,53,44,45,51,57,70,74,71,66
153,143,122,100,83,68,68,82,100,108,107,107,93,73,73,59,51,55,63,67,74,73,66,60
125,117,118,112,83,64,61,72,94,112,90,82,69,61,90,77,72,72,70,68,65,64,60,53
117,104,98,91,71,62,62,73,88,101,116,121,94,68,98,71,71,71,53,48,45,47,50,50
124,111,101,95,87,79,73,82,98,111,130,134,104,66,73,54,63,72,62,57,48,47,52,56
133,123,116,114,110,100,94,102,116,125,137,133,102,63,52,48,62,76,77,73,67,64,63,62
137,132,131,133,129,122,121,125,131,134,140,129,98,63,48,53,68,82,88,89,89,85,79,73
135,136,139,142,142,143,144,137,131,137,140,127,99,67,48,55,75,92,99,103,104,99,93,92
132,142,145,142,142,146,144,129,120,134,142,133,105,70,50,52,71,93,108,109,108,101,91,85
145,147,142,136,136,136,132,126,124,135,150,140,108,73,58,44,59,82,96,99,99,92,82,76
152,152,148,142,138,130,128,126,122,119,133,123,90,59,57,42,56,82,99,103,102,92,79,70
147,153,157,153,143,131,132,126,109,96,101,90,62,40,49,50,67,94,116,119,113,99,79,65
143,146,147,141,127,123,128,121,105,96,91,75,56,45,51,63,77,96,115,114,104,87,69,58
138,138,137,129,113,99,93,82,66,57,56,54,47,40,42,53,64,79,98,103,93,75,60,54
130,130,123,104,76,61,57,53,47,43,48,49,45,38,31,35,43,53,66,83,78,65,53,47
114,117,100,67,42,40,47,53,55,55,58,53,47,39,28,26,29,33,41,61,63,57,46,37
90,95,71,38,33,52,66,74,76,72,67,59,51,43,31,26,27,29,34,46,51,47,37,27
64,63,54,43,46,85,92,90,87,82,74,67,59,47,32,24,29,36,37,40,38,34,28,21
44,44,41,47,71,107,107,97,94,96,86,77,65,53,45,44,44,43,40,36,29,27,23,17
32,31,36,56,92,118,116,98,82,77,68,61,57,55,54,54,52,45,38,29,23,22,21,17
24,23,31,59,100,124,124,103,75,55,46,44,49,58,60,56,48,38,28,23,19,19,24,33
20,19,25,51,97,128,133,116,86,57,45,45,54,64,68,58,39,24,18,19,18,17,31,57
