100,106,116,124,129,131,134,136,136,133,133,129,124,118,111,105,97,87,78,71,65,55,41,29
98,106,114,119,121,126,133,138,137,131,127,125,123,117,111,107,98,87,76,67,63,54,41,32
94,96,92,83,79,83,95,108,118,123,121,120,117,111,104,98,83,65,52,43,42,42,39,34
87,78,63,51,44,43,50,63,81,100,109,113,109,97,83,69,50,35,28,23,22,25,29,31
79,63,56,57,53,45,40,39,49,71,91,105,102,80,51,28,19,21,27,28,25,20,20,26
93,88,76,61,50,35,28,40,66,91,103,113,102,70,36,30,33,30,21,26,27,32,37,37
108,105,92,76,67,44,42,55,76,101,112,119,104,68,36,35,55,52,27,36,35,43,54,57
115,114,108,102,96,76,71,74,87,107,113,117,101,68,42,40,60,66,49,53,53,63,72,73
114,118,122,123,120,111,99,95,101,110,110,110,95,67,47,44,54,68,75,71,78,85,85,77
112,119,123,123,124,121,115,112,112,110,107,105,91,65,47,48,58,72,84,90,97,95,84,71
112,118,122,120,115,114,113,114,114,109,98,95,87,68,46,47,58,71,82,88,94,91,78,66
110,116,121,121,118,117,115,116,113,99,96,97,94,78,50,43,51,66,81,87,89,82,70,60
109,114,120,124,125,122,116,114,108,94,94,105,107,88,51,39,43,59,80,88,87,77,64,55
109,113,119,126,130,123,113,109,105,95,90,104,105,80,42,36,42,59,82,89,87,76,61,51
107,114,119,123,128,122,112,111,110,91,86,83,70,47,27,36,55,75,90,91,86,74,59,47
105,111,118,123,125,119,116,113,104,91,89,84,78,68,50,54,66,81,94,95,85,71,56,46
101,109,117,121,122,118,110,102,96,96,100,91,89,89,67,63,66,73,82,88,83,70,53,42
97,106,116,121,122,113,102,95,95,96,97,89,86,85,70,64,62,63,66,74,78,68,51,40
94,103,113,121,122,107,99,97,94,85,78,75,70,64,64,61,56,53,56,63,71,65,50,39
93,100,108,116,121,109,98,85,77,74,72,68,65,62,54,45,36,38,54,68,68,58,46,38
99,99,103,111,117,116,112,106,100,95,88,77,69,65,62,52,44,45,57,73,66,51,39,35
124,105,98,105,111,114,116,114,109,103,94,82,73,69,68,59,53,51,57,67,58,45,36,32
144,107,93,101,106,108,110,110,107,103,95,88,81,76,72,62,56,54,54,56,48,40,35,32
143,103,89,100,103,105,106,108,110,108,102,102,95,83,77,62,57,56,52,48,42,36,33,35
