89,87,87,90,89,80,76,90,116,142,167,174,172,166,152,127,102,81,62,45,41,46,54,58
107,116,123,125,122,111,103,106,118,136,161,175,175,161,139,110,93,82,74,70,77,81,78,73
123,129,130,126,118,107,101,104,114,129,154,172,172,151,116,90,82,83,85,93,100,102,97,89
127,114,103,95,80,69,72,85,103,123,147,163,161,135,92,72,73,83,89,93,91,91,90,88
122,96,81,74,54,43,53,73,94,116,136,149,144,116,75,58,63,81,90,72,64,62,62,62
128,109,100,95,74,55,67,88,106,120,129,139,133,107,74,58,59,80,93,49,35,40,45,42
140,133,130,127,117,99,96,102,111,122,130,140,131,103,75,60,61,80,96,64,52,54,57,55
152,153,154,155,153,140,125,119,121,127,134,144,132,99,76,67,68,82,99,92,88,83,82,85
162,164,167,169,168,159,144,136,135,135,137,147,133,98,76,75,78,88,105,115,118,113,111,114
168,172,173,172,168,160,151,146,141,136,141,151,137,102,76,77,86,100,115,127,135,138,137,133
166,170,173,172,168,163,157,149,138,133,145,156,142,104,75,73,86,106,125,138,146,150,147,141
163,169,175,176,173,172,167,152,137,135,147,154,133,95,75,71,84,109,134,144,150,151,147,140
161,170,177,180,179,181,173,154,131,119,132,135,109,74,74,71,83,111,140,150,153,150,143,135
163,171,178,181,182,183,173,153,127,108,120,116,88,62,75,77,92,119,145,155,156,149,137,128
164,171,178,181,179,174,165,150,140,144,148,130,105,86,81,92,115,138,151,155,154,145,131,120
163,168,175,176,171,155,153,151,149,155,154,147,133,116,102,110,127,143,153,155,152,142,126,113
163,166,170,171,165,152,151,153,154,158,154,153,146,130,115,114,124,137,147,150,147,137,119,104
161,163,165,165,161,155,152,150,149,148,143,142,136,123,115,111,117,127,135,140,140,131,112,95
159,159,161,160,156,148,143,136,129,124,120,118,111,102,100,101,108,119,125,127,131,124,106,88
157,158,159,155,146,127,118,109,101,99,96,92,89,85,77,77,91,112,125,120,122,115,100,84
155,157,159,157,150,141,135,131,129,129,125,118,111,103,91,85,94,115,132,124,118,109,95,82
151,155,159,159,157,154,150,149,147,142,135,129,125,118,108,99,103,118,132,127,115,102,89,80
146,152,157,160,160,158,155,155,153,144,137,132,130,126,117,109,110,117,125,124,110,95,84,77
142,149,155,158,159,156,155,156,157,154,149,143,138,132,120,112,111,115,119,118,103,90,80,72
