102,99,100,103,108,113,119,127,136,140,149,155,157,156,156,158,157,155,155,154,152,152,155,161
89,81,78,79,79,83,89,99,112,123,136,147,150,146,141,136,128,120,114,115,123,128,133,139
77,78,84,91,88,82,76,78,87,101,122,144,152,144,129,118,110,106,107,114,126,129,126,125
78,85,98,108,108,99,83,73,73,84,115,147,161,151,127,113,107,109,117,129,140,140,133,127
90,83,79,82,87,93,84,72,67,75,109,147,166,156,129,112,102,96,95,102,115,123,128,132
84,67,56,55,57,64,72,70,65,75,103,141,162,154,129,109,95,85,74,53,70,88,104,119
76,60,59,65,62,65,71,71,69,78,103,138,158,153,134,115,100,91,84,69,85,91,100,121
83,71,71,76,75,76,75,74,75,83,104,136,156,154,139,125,109,101,100,101,112,114,121,140
104,94,86,85,87,88,84,81,82,88,103,134,155,156,145,137,125,117,118,127,134,141,152,163
121,117,113,110,109,106,100,95,92,93,103,132,152,154,154,154,150,145,145,153,158,162,168,174
125,128,130,129,126,121,114,106,99,97,107,135,153,153,155,163,165,162,160,162,167,172,176,178
123,130,136,138,134,129,119,105,95,96,110,137,154,155,154,158,165,170,171,171,174,178,180,180
119,128,136,139,136,126,110,95,89,92,106,135,153,153,150,150,153,160,170,175,180,184,183,180
114,123,132,135,130,114,95,85,83,81,91,120,139,139,135,140,136,139,155,169,181,186,183,178
107,115,126,128,118,100,89,83,75,65,69,88,108,114,107,127,131,130,140,155,170,176,175,171
101,107,115,118,109,101,99,92,82,75,74,80,99,118,121,140,148,141,132,143,158,165,165,163
96,100,108,114,111,108,107,103,97,95,100,102,116,136,146,158,162,154,139,137,146,152,154,154
93,96,103,110,112,110,108,109,111,114,123,125,133,149,160,166,166,159,147,137,141,145,147,147
92,97,102,105,105,99,100,105,112,117,125,127,132,144,154,159,159,153,144,139,142,145,145,145
96,106,113,108,91,80,81,86,91,97,106,113,117,123,133,140,142,137,133,138,145,148,149,150
101,108,120,118,92,78,73,73,78,87,99,106,112,117,118,116,115,110,108,129,147,154,153,153
107,109,122,124,101,91,87,87,91,99,107,113,120,128,130,129,131,129,125,135,152,157,155,154
107,106,116,120,106,101,103,107,112,119,122,126,134,144,151,154,157,158,154,150,155,156,155,153
103,101,107,110,100,98,106,114,122,130,132,135,142,151,157,159,160,159,157,158,155,154,153,150
