38,44,41,35,41,56,71,87,99,99,100,99,97,94,91,82,68,57,53,53,50,55,68,80
44,43,39,39,45,54,61,68,73,73,88,94,91,81,68,66,65,66,68,66,66,66,71,79
54,46,44,50,61,67,70,70,68,68,81,86,85,80,68,72,78,82,85,84,84,83,87,96
66,54,53,65,78,85,87,85,81,77,78,81,83,83,83,88,86,82,79,83,90,95,104,113
77,62,64,78,86,89,88,85,80,74,69,85,87,74,84,89,75,57,51,59,80,95,104,110
90,88,84,83,87,92,81,65,60,68,60,86,93,76,87,98,82,65,65,74,79,87,99,109
100,100,97,99,114,122,101,75,61,59,64,91,102,87,78,100,92,80,83,86,89,93,98,103
99,106,107,111,127,134,115,89,69,58,73,96,109,100,78,93,95,92,96,98,101,102,100,96
88,110,118,117,124,124,110,90,73,66,79,96,108,107,89,87,91,94,97,101,102,103,101,97
73,110,124,117,119,116,100,83,73,74,79,93,102,101,96,93,90,86,84,90,91,95,101,108
70,84,94,96,94,96,97,92,83,73,77,94,103,97,90,94,100,101,100,105,109,113,111,104
68,75,86,94,96,99,98,89,78,74,84,100,109,106,96,91,97,105,108,115,124,122,110,98
64,72,84,95,103,104,92,77,67,65,75,89,95,91,82,81,86,95,105,112,122,118,103,91
61,67,78,90,100,97,81,68,61,50,55,66,68,62,61,75,82,87,94,100,107,105,94,84
62,64,71,82,92,87,78,72,66,55,57,61,67,73,76,82,92,94,88,90,94,93,86,79
73,68,67,75,85,88,83,75,69,67,68,69,73,78,80,85,92,96,93,87,85,84,82,78
77,70,67,72,81,88,81,71,69,73,73,75,77,81,87,89,87,87,91,85,83,83,81,80
77,70,67,70,77,82,71,63,61,62,64,67,70,72,76,77,75,76,80,83,85,85,82,81
79,72,67,68,73,71,61,53,48,46,56,64,69,69,61,55,59,65,70,78,85,85,82,82
88,78,70,69,71,66,59,46,39,57,89,105,111,109,94,55,46,55,66,74,81,82,81,83
161,109,74,67,66,68,65,60,54,52,65,76,82,83,78,65,66,72,75,77,75,75,76,75
217,161,103,70,62,62,67,69,64,52,52,55,59,60,62,66,77,83,81,77,72,71,71,66
238,210,144,81,61,56,64,70,67,59,55,53,53,55,61,69,79,84,83,77,71,68,64,57
239,233,170,92,60,54,62,68,69,66,60,55,54,58,68,77,82,83,82,77,70,63,57,52
