34,39,42,46,51,59,67,74,79,83,84,87,89,89,89,94,97,98,94,86,80,73,67,63
38,41,40,39,44,51,59,67,75,79,83,88,90,87,82,78,72,68,67,67,66,63,59,56
39,42,60,74,63,43,40,46,53,61,68,73,74,71,70,66,52,41,42,48,53,62,60,42
36,46,94,126,88,37,22,24,30,39,47,56,56,56,73,67,44,27,29,36,45,61,60,36
34,53,110,138,82,31,17,20,24,27,33,54,58,56,90,67,36,20,22,28,38,47,49,45
41,45,61,69,48,29,20,22,26,25,30,57,63,46,46,38,29,25,28,38,38,46,52,47
42,42,40,37,36,34,29,26,26,27,34,60,70,54,35,33,33,37,44,52,55,62,63,53
43,44,40,37,38,38,35,31,29,29,38,60,74,66,42,44,46,49,56,62,68,75,71,60
46,46,46,45,46,42,39,36,33,32,40,60,76,74,54,55,56,58,61,65,70,74,73,69
50,46,45,49,52,48,45,40,36,38,46,64,77,79,69,58,57,61,63,64,67,68,72,79
52,49,45,46,50,47,45,43,40,39,47,65,79,82,74,65,65,68,68,72,80,83,81,79
55,51,50,54,59,57,51,44,40,42,49,65,79,80,70,67,65,69,76,84,93,92,83,78
57,52,52,59,65,61,52,42,37,39,41,51,61,63,56,60,63,66,73,85,94,91,82,76
58,53,50,55,60,55,45,39,36,32,30,33,38,42,43,52,63,64,60,73,82,83,79,75
58,53,49,50,52,47,43,40,37,36,38,38,41,47,54,58,65,63,55,62,71,75,75,73
59,54,50,49,52,45,41,39,40,44,51,54,56,61,68,69,68,63,57,56,65,72,74,73
59,56,51,52,58,47,39,36,37,40,45,48,49,51,56,57,56,55,56,61,73,78,76,73
61,58,52,54,64,54,41,32,30,34,43,52,56,54,46,42,44,51,61,71,80,81,76,73
67,61,54,53,62,63,49,33,26,35,51,68,76,72,52,43,47,60,74,79,80,77,73,70
79,68,57,53,55,67,59,45,36,37,43,48,51,52,54,58,65,75,84,84,78,74,71,66
115,84,60,52,52,59,56,49,43,43,47,49,50,54,59,68,76,83,88,85,78,74,69,60
147,98,64,55,50,53,53,53,52,51,55,56,57,61,68,76,83,87,87,82,78,74,64,54
158,103,68,60,51,52,52,56,61,60,64,65,67,71,77,82,86,87,83,76,75,69,60,56
150,99,70,65,53,53,52,56,63,68,69,72,76,79,82,85,88,85,77,70,69,61,58,65
