117,125,124,122,132,134,136,145,161,177,184,172,173,188,186,184,168,149,134,117,110,107,99,88
114,112,104,96,96,97,115,139,159,168,179,173,170,179,189,179,162,147,137,126,119,112,100,88
106,98,96,102,106,97,93,100,117,135,157,156,152,160,174,160,147,131,111,105,105,100,86,73
98,96,109,127,132,118,91,78,85,103,128,140,146,151,151,129,119,107,90,95,108,105,85,64
98,109,124,130,118,107,106,110,109,102,112,145,169,164,137,102,88,93,106,125,147,141,110,81
110,109,100,96,100,72,96,107,104,123,110,135,165,161,121,106,106,103,89,79,88,92,91,91
142,125,112,113,124,127,133,125,120,135,115,121,147,155,112,113,119,123,117,89,96,89,84,94
162,141,134,142,152,170,164,146,135,138,118,116,140,153,108,112,125,142,153,137,131,111,97,101
163,151,151,161,168,171,167,157,145,135,117,117,140,150,105,104,126,151,166,173,156,133,117,114
155,157,161,171,180,171,157,159,159,129,114,113,130,140,107,92,118,145,152,164,160,140,125,124
142,148,153,162,176,176,179,177,160,124,111,113,136,152,123,87,109,145,159,167,161,144,128,122
134,136,142,155,172,182,187,181,155,115,105,114,136,150,130,88,109,148,163,165,153,139,127,121
127,126,130,144,167,184,184,171,146,112,105,116,139,154,138,92,113,153,166,161,148,132,121,116
121,122,123,135,159,178,171,155,136,114,112,116,137,160,141,93,110,150,167,158,146,127,112,109
119,121,129,141,153,160,147,140,133,112,116,108,116,135,122,88,94,128,157,151,139,122,108,103
120,124,132,140,147,142,140,141,133,109,104,108,109,100,89,81,96,123,144,147,139,123,107,101
112,123,132,138,142,136,131,132,130,120,118,127,125,109,95,93,101,114,127,141,137,122,105,94
108,120,131,135,134,130,123,124,131,131,136,140,140,133,116,108,106,105,110,131,133,122,103,88
112,120,131,133,123,119,117,123,132,133,139,137,141,144,126,115,108,101,99,119,130,122,103,86
111,124,136,134,119,114,108,112,121,122,128,135,144,142,121,115,110,101,97,109,125,121,100,80
113,120,135,138,120,109,93,89,94,97,104,112,113,107,102,93,86,88,97,106,122,121,100,75
111,117,130,137,130,125,106,93,93,99,113,118,116,108,96,81,76,85,104,117,122,113,91,71
112,117,124,130,133,136,122,109,105,109,121,122,120,115,97,83,80,92,115,131,122,102,78,60
115,117,120,122,124,127,120,112,108,105,103,101,100,98,95,87,86,100,123,135,117,97,70,44
