216,209,137,72,84,77,68,65,72,89,97,122,146,140,99,171,208,169,99,98,104,113,110,95
240,227,139,59,72,73,66,55,52,65,69,99,111,94,91,180,232,190,99,92,93,102,111,114
196,185,111,42,48,47,43,38,36,42,57,98,106,79,81,145,199,173,89,74,74,81,92,103
107,100,66,35,37,27,25,27,32,41,70,116,129,104,85,90,120,118,73,48,50,54,61,74
51,41,37,44,53,42,37,34,38,58,89,127,144,132,106,68,60,67,64,36,32,34,46,66
55,48,48,56,61,54,46,44,46,52,90,131,155,146,99,81,68,63,68,70,70,70,77,87
70,64,64,68,68,64,60,56,54,61,94,136,161,153,124,107,92,81,78,81,83,92,106,114
77,75,78,82,79,75,70,62,59,71,100,142,165,161,143,112,105,106,98,94,97,111,122,121
79,82,85,85,82,80,74,66,64,80,108,147,170,167,149,110,106,113,111,109,110,120,127,125
86,91,85,73,70,76,77,73,74,91,116,149,169,168,155,132,110,100,103,110,111,111,127,154
85,93,98,96,93,92,86,79,78,88,114,143,161,163,156,144,136,134,138,140,148,153,157,161
85,92,100,104,102,96,88,77,65,59,88,113,122,111,93,125,139,145,155,160,167,170,168,163
82,88,97,103,103,98,88,73,55,42,63,80,92,90,69,106,134,146,155,164,171,172,167,162
75,81,92,100,103,101,90,75,61,52,62,71,92,113,108,114,138,153,151,158,166,166,160,155
68,73,84,96,99,98,89,83,78,71,85,95,108,124,133,146,154,156,152,148,152,152,147,143
62,66,78,88,90,88,83,81,80,79,96,103,109,122,132,138,144,148,147,141,138,138,135,131
66,70,76,80,78,71,69,71,73,73,85,94,99,104,117,127,134,134,130,125,125,127,126,123
63,70,74,72,66,56,53,54,56,58,64,77,82,82,91,102,107,106,105,105,113,120,120,118
44,58,67,67,60,50,41,36,38,49,55,66,74,75,75,74,72,76,87,89,103,116,118,112
27,44,59,65,61,52,44,39,43,58,72,82,93,103,102,90,80,81,90,87,102,113,112,104
16,38,54,57,59,54,52,48,49,66,90,99,108,119,118,101,96,104,109,99,105,108,104,97
10,33,58,66,56,55,56,52,49,56,73,81,87,95,98,97,103,113,116,107,105,102,94,84
8,24,54,71,59,56,54,52,49,49,55,61,67,73,81,93,103,111,113,108,102,94,82,68
8,15,37,59,67,58,52,51,52,56,63,69,75,82,90,99,103,108,112,107,99,88,72,58
