45,42,51,73,98,114,122,126,129,134,140,143,143,139,130,126,126,129,131,129,112,93,77,68
44,44,56,78,95,102,105,109,115,122,131,136,136,133,125,118,115,113,112,113,109,100,90,85
43,48,63,79,86,87,85,86,92,103,116,126,130,127,118,105,96,91,90,94,101,104,102,98
44,54,67,75,76,74,69,66,69,80,100,119,128,124,109,89,76,69,70,76,85,95,102,103
47,59,67,67,64,61,57,53,53,61,83,114,131,125,101,77,61,52,50,54,60,73,90,102
51,56,51,40,36,37,44,51,55,58,74,109,131,124,99,82,69,54,39,38,44,57,79,100
53,58,55,47,47,53,66,76,77,71,75,106,128,123,106,100,91,76,63,60,69,85,102,114
62,72,77,76,77,84,93,99,97,85,80,104,124,124,116,116,112,103,95,95,104,118,128,130
72,88,101,105,107,110,112,113,108,93,86,106,124,126,122,123,125,124,121,123,130,138,142,139
75,92,111,122,126,128,126,123,113,95,89,111,128,128,125,125,131,135,136,140,144,149,148,141
74,88,108,123,130,133,132,127,114,95,92,116,134,132,125,127,132,136,140,144,149,152,149,139
71,85,104,120,129,131,130,120,104,90,96,122,139,136,125,126,126,128,134,142,148,150,145,136
68,82,98,112,122,123,115,100,88,86,94,118,134,132,121,121,114,111,118,131,139,141,136,129
66,77,89,101,109,108,91,76,72,78,81,98,112,113,105,109,104,97,99,112,123,126,122,116
63,70,79,88,92,86,73,67,66,64,63,71,79,81,79,94,108,106,92,89,103,110,109,104
63,65,70,75,78,71,69,71,73,71,70,77,87,97,107,118,123,119,101,79,84,96,100,96
64,64,67,72,73,61,61,66,69,70,72,83,94,102,109,113,112,103,88,72,77,91,97,92
64,66,70,76,79,58,50,55,64,70,75,84,92,96,102,104,97,84,74,77,86,93,96,95
58,68,74,80,88,67,49,49,60,69,78,82,86,93,102,104,94,83,84,97,103,100,98,102
45,65,76,83,96,89,75,59,48,47,61,79,90,91,90,83,86,101,117,116,113,107,104,103
33,57,72,80,94,102,90,77,69,65,69,77,84,89,96,100,109,120,127,123,115,108,100,93
24,46,65,75,86,104,96,85,81,81,84,87,92,99,109,116,123,129,130,124,112,103,89,72
20,37,55,67,77,97,97,91,87,89,95,99,103,109,117,124,129,132,132,122,107,92,69,44
21,34,49,61,73,89,97,97,95,93,98,102,105,109,117,125,133,138,134,119,102,80,51,24
