54,47,55,80,108,119,122,127,135,141,143,146,141,130,123,120,119,121,123,117,99,82,71,68
51,46,55,75,93,99,102,109,119,129,134,137,136,127,117,109,103,99,96,94,93,92,90,85
48,48,57,71,75,75,77,84,96,111,124,132,133,125,109,94,82,73,70,74,81,90,96,95
49,49,56,61,57,55,57,63,74,92,116,133,136,124,100,81,66,56,50,55,61,70,82,92
49,45,44,44,41,41,48,53,58,75,107,136,143,125,95,77,66,52,37,39,44,51,68,87
46,34,35,43,44,48,64,68,64,71,99,134,145,127,105,99,92,77,59,61,66,76,89,102
48,41,43,51,56,67,83,87,78,74,93,128,141,127,116,114,108,95,84,84,94,107,117,119
54,56,63,73,80,91,100,101,92,81,90,123,137,128,125,125,122,115,110,113,122,132,136,134
61,73,88,100,107,111,114,111,101,88,91,120,136,129,130,133,135,135,134,138,145,148,147,143
71,88,106,116,121,123,125,118,104,91,93,122,137,130,133,134,140,145,147,151,155,157,153,146
75,95,114,124,128,131,131,121,104,89,95,126,141,133,131,134,140,147,151,154,156,157,152,141
76,95,114,125,131,134,132,119,99,86,103,133,145,137,129,130,135,141,147,152,154,155,149,139
76,93,111,123,130,132,126,110,91,85,108,135,147,140,129,127,126,130,138,146,149,148,142,133
74,88,106,118,124,122,112,95,82,84,102,125,136,133,122,120,118,120,128,137,139,138,131,122
70,82,97,108,113,109,94,81,74,71,80,96,106,103,95,106,115,119,121,127,129,128,121,112
66,74,85,95,99,92,83,78,75,70,68,73,80,89,99,118,128,125,117,118,123,123,116,108
65,70,79,88,90,84,81,81,80,77,78,85,95,106,119,131,135,130,120,113,118,121,116,107
67,69,77,87,90,81,78,78,79,80,86,100,110,114,121,125,123,117,112,110,116,119,115,106
70,70,78,89,95,80,71,68,69,71,76,89,96,95,98,100,98,96,100,109,117,116,110,106
71,72,77,89,102,88,74,65,62,62,64,67,71,77,84,89,96,108,119,118,119,113,108,109
65,73,79,88,105,106,96,85,79,78,82,86,92,99,104,110,118,128,134,124,119,113,107,104
54,69,78,85,100,112,108,98,92,91,93,96,101,108,116,123,130,136,136,125,117,109,100,90
45,60,73,80,90,106,108,104,100,100,101,103,107,113,122,130,134,136,133,122,112,100,83,67
42,53,67,76,83,97,105,107,107,111,115,119,122,126,132,137,138,138,134,122,107,91,68,44
