93,82,66,55,54,56,62,66,73,92,117,132,139,138,132,108,89,80,79,84,83,86,87,83
81,63,49,45,42,37,37,40,48,65,88,106,116,118,109,80,60,49,45,46,47,49,54,59
69,53,46,50,50,39,29,27,33,45,65,88,102,99,79,52,36,30,27,29,31,34,39,44
68,57,53,57,57,45,35,33,37,45,63,95,111,97,59,36,29,29,30,35,39,41,43,44
76,66,54,45,40,33,39,46,52,62,78,117,136,110,53,35,34,36,36,36,42,43,45,49
87,77,64,57,60,57,68,76,81,90,93,129,148,119,58,50,57,62,56,40,43,43,45,51
102,95,84,77,77,82,89,92,93,100,100,137,158,129,68,66,77,82,76,62,56,54,56,61
116,115,110,104,103,107,109,111,113,112,109,142,158,129,80,78,89,95,91,82,74,70,74,84
123,129,130,129,128,128,129,133,134,124,121,147,153,124,91,86,96,105,103,98,94,93,102,114
116,126,133,136,137,138,143,143,134,122,128,155,159,131,103,91,100,114,119,117,116,122,132,139
98,106,115,125,138,146,149,143,131,120,130,160,171,149,113,93,103,121,129,130,126,121,118,117
87,94,107,123,137,147,147,137,124,119,135,164,175,156,120,92,100,122,134,137,132,119,104,95
83,87,99,116,129,138,137,129,118,112,123,145,151,134,106,86,96,117,130,130,124,110,93,82
85,84,89,100,114,124,126,124,117,99,91,101,102,87,70,73,90,109,117,113,103,91,79,72
87,87,86,91,103,117,121,128,123,89,61,54,49,40,35,52,80,99,101,96,83,71,64,62
86,88,90,94,106,116,123,126,120,100,73,48,32,29,37,59,86,99,94,85,72,60,55,55
84,88,91,96,106,111,114,115,111,104,91,64,43,39,49,65,83,91,88,78,68,59,54,54
82,85,89,93,101,99,99,100,102,106,104,89,72,63,64,68,73,76,76,70,66,60,56,55
78,82,85,88,92,85,79,80,89,99,100,98,91,80,69,64,59,57,57,60,61,59,56,58
75,78,82,85,84,71,54,52,60,62,62,63,61,53,46,44,39,37,43,54,59,57,56,60
72,74,78,82,81,71,68,71,76,83,91,89,84,79,71,58,48,47,54,60,59,55,57,64
68,71,75,77,77,73,79,82,80,82,85,82,79,77,70,59,55,58,63,61,55,52,59,74
63,67,71,73,73,74,79,78,71,63,56,51,49,50,48,48,54,61,64,55,50,49,69,100
60,62,67,70,70,74,76,73,64,52,40,33,30,30,34,41,52,60,58,49,45,49,82,133
