76,69,58,49,51,61,71,77,82,94,107,117,123,124,120,106,93,90,95,94,96,96,90,83
67,53,42,39,37,37,40,43,48,60,77,91,98,101,99,81,64,56,55,55,55,57,57,55
58,43,37,38,38,30,24,24,28,37,52,69,79,81,73,53,39,31,28,28,28,30,34,37
55,45,40,41,41,33,27,26,28,34,46,67,81,77,54,36,27,25,24,25,27,28,31,35
62,53,43,37,35,29,32,35,37,42,54,82,99,85,45,30,26,27,28,30,33,33,35,38
73,64,53,49,51,46,54,60,62,68,72,98,114,95,46,34,37,40,39,30,33,34,36,40
85,78,69,63,62,64,69,69,69,77,78,108,129,107,51,46,53,58,55,46,45,43,42,44
96,95,90,83,80,82,82,82,84,87,84,115,134,111,60,57,66,71,68,61,55,52,53,58
100,106,107,102,100,99,97,100,103,97,93,120,131,105,69,64,72,79,77,72,66,65,72,82
91,102,109,109,108,109,113,114,107,97,100,124,127,102,76,68,76,84,86,83,81,86,97,107
78,84,91,97,106,114,117,113,103,97,107,132,140,119,90,73,79,90,94,95,94,97,100,100
67,74,83,94,107,117,117,109,97,93,107,134,144,125,92,70,78,95,102,102,97,89,81,76
64,68,76,88,101,110,110,101,92,93,108,133,141,124,93,69,77,95,103,101,91,75,62,56
67,65,69,78,89,98,98,95,90,89,96,115,120,104,83,66,75,91,97,91,79,63,50,47
70,70,69,72,82,92,94,98,95,68,54,59,61,50,41,51,72,86,87,78,64,50,42,42
70,73,75,77,84,92,98,103,100,79,56,42,35,31,32,50,73,85,79,68,55,47,44,46
69,74,77,80,86,91,96,97,94,83,66,44,31,29,36,53,73,83,77,66,56,50,47,48
67,71,75,80,85,85,87,86,84,82,75,56,41,38,43,54,67,75,74,66,59,53,50,50
66,68,72,76,79,74,73,73,74,78,77,67,56,50,47,52,56,60,62,61,57,53,51,53
63,64,69,73,71,62,54,53,58,62,61,63,60,51,45,44,41,41,46,52,52,50,51,56
60,61,65,68,65,54,49,50,55,62,59,56,52,48,44,38,33,33,40,47,50,49,53,63
56,59,63,64,60,53,54,55,55,61,63,60,57,55,49,41,38,38,41,45,47,47,62,91
50,55,59,58,56,55,58,56,51,50,52,51,51,50,45,41,42,44,44,42,42,48,89,153
45,50,53,53,52,55,56,53,45,34,28,26,27,28,30,33,39,43,43,39,39,52,121,220
