30,35,42,48,55,63,72,81,89,95,99,99,99,100,101,101,101,99,92,81,70,61,52,47
36,40,45,48,53,60,70,79,84,88,93,95,96,96,94,94,92,87,80,72,66,62,57,51
42,42,41,39,40,43,47,52,58,64,73,79,82,80,71,66,61,54,49,48,50,51,51,48
57,49,38,31,29,26,24,23,28,38,49,59,63,58,46,37,30,26,27,32,37,40,43,44
78,62,44,33,30,27,23,20,21,27,37,47,50,46,35,28,25,27,33,38,41,41,43,48
55,41,30,28,28,27,28,25,21,23,34,50,56,47,33,28,33,37,34,27,35,35,38,47
48,39,33,32,33,32,43,42,30,28,42,66,75,62,41,33,38,43,40,37,43,45,50,61
54,49,42,38,39,38,48,49,40,38,55,81,91,77,56,45,45,46,45,48,53,60,69,76
67,64,57,50,49,49,49,50,49,49,66,89,98,87,71,61,58,56,55,60,67,77,86,88
77,80,79,73,68,65,64,61,57,58,73,92,98,90,80,76,77,78,78,83,89,96,100,99
76,83,88,86,82,80,79,69,59,63,81,97,102,95,86,78,83,93,97,97,100,105,105,99
69,79,87,89,88,89,84,73,65,68,79,98,107,102,91,88,84,89,104,108,109,107,101,93
63,73,82,86,88,89,76,66,64,62,62,77,87,84,77,85,80,82,99,109,109,103,95,87
59,66,74,81,85,82,65,54,52,47,39,45,51,50,50,64,74,81,91,100,99,95,88,81
57,61,68,76,80,75,62,51,43,37,35,36,38,39,40,50,71,85,87,88,90,87,80,74
59,57,62,70,72,71,68,62,54,46,41,48,55,56,58,69,82,90,87,79,80,78,72,67
60,55,56,61,63,70,70,66,60,55,54,61,66,66,67,75,79,82,84,77,74,72,67,62
62,54,52,56,60,67,63,56,52,50,52,56,58,58,59,61,61,65,73,74,72,69,64,60
65,55,53,58,61,61,50,42,41,39,43,47,50,49,46,44,43,47,58,68,71,67,62,59
68,58,55,57,57,51,42,39,43,49,60,72,76,71,60,52,46,43,48,60,66,64,59,57
72,65,59,54,51,50,50,49,47,45,47,48,50,51,52,54,55,52,50,53,59,58,55,56
82,70,57,50,48,50,52,52,50,46,44,42,42,46,50,55,56,54,51,50,53,53,53,53
85,67,51,45,47,49,50,52,54,55,55,56,58,61,61,61,57,53,51,51,50,50,51,51
78,57,44,44,47,46,48,53,59,64,66,70,74,77,75,71,64,57,53,52,51,50,50,50
