42,53,66,77,87,94,101,110,118,125,130,129,127,128,130,134,138,137,130,122,114,102,82,63
48,55,64,70,72,79,91,105,116,122,126,128,126,126,130,137,142,139,128,115,109,100,84,71
52,54,55,56,55,53,58,69,84,96,108,118,119,115,113,115,112,105,97,90,91,88,83,78
53,49,46,46,49,45,37,38,47,62,82,101,105,94,81,74,65,59,61,66,70,73,77,81
55,49,45,46,52,58,52,45,41,44,63,86,90,74,55,43,38,42,52,61,63,64,70,79
60,56,47,40,36,30,33,37,41,50,61,83,91,79,60,49,43,38,38,49,64,71,75,81
68,63,54,48,50,42,49,52,51,61,69,97,108,94,75,58,53,44,36,53,53,65,81,87
77,76,72,69,69,63,66,67,66,73,80,108,120,108,93,75,67,61,57,74,70,78,91,97
82,89,94,92,86,82,79,79,81,82,89,111,123,117,108,99,90,86,91,100,104,104,104,106
82,95,104,106,106,103,100,96,91,83,93,112,124,122,114,120,118,114,113,117,117,116,113,107
80,92,104,110,112,109,108,102,92,84,91,112,124,120,112,118,123,124,123,125,126,123,115,109
77,88,101,110,114,114,112,100,86,85,89,114,125,116,109,109,119,128,131,131,129,122,113,107
75,82,95,107,112,111,101,87,81,87,87,108,120,115,113,106,108,119,131,130,127,119,108,100
78,76,85,98,104,97,79,68,71,77,74,87,96,98,104,100,93,100,119,122,119,111,100,91
88,75,72,81,86,78,69,59,48,41,47,57,55,48,54,76,84,88,99,107,106,99,90,83
94,80,68,67,73,77,77,70,61,53,58,67,73,73,74,96,104,97,87,90,89,87,83,80
89,77,65,63,71,76,75,75,76,75,82,86,92,96,93,103,110,105,90,81,78,79,79,79
85,73,63,65,72,69,64,66,72,73,81,84,87,91,95,95,97,98,95,82,79,79,79,76
90,74,65,68,71,62,52,49,51,50,55,63,66,69,80,79,77,83,94,90,87,84,80,77
105,82,69,70,70,67,55,46,46,53,57,60,63,62,54,53,61,78,93,94,91,86,86,94
118,85,65,66,69,74,73,66,59,60,70,76,76,75,75,81,83,88,94,94,90,82,100,139
99,76,62,62,66,72,79,77,71,67,69,71,76,84,91,98,98,95,92,90,87,79,120,201
70,64,61,60,63,70,77,82,81,80,76,76,83,93,100,100,100,96,89,85,82,89,151,245
58,61,61,60,63,71,79,86,93,98,101,104,106,107,109,102,101,97,87,83,79,110,182,252
