38,55,68,78,90,92,98,107,118,128,137,139,136,133,136,140,144,145,141,133,125,115,102,90
45,59,66,67,71,71,74,85,102,117,125,130,132,132,131,138,146,146,136,120,110,106,101,90
53,60,59,54,55,53,49,53,64,77,90,108,120,120,111,109,108,103,94,88,85,87,89,87
57,60,54,50,53,50,42,36,37,43,58,84,102,100,84,70,60,54,54,64,69,72,75,80
61,62,58,54,55,55,50,46,46,49,54,72,86,84,67,54,48,49,55,66,70,70,71,74
64,66,61,49,38,41,35,39,47,46,55,76,93,93,72,58,48,39,34,41,52,68,80,85
72,77,76,66,55,55,52,55,62,62,69,90,110,112,88,71,63,53,43,56,58,63,75,89
77,88,94,92,85,81,78,77,80,83,84,102,121,125,105,91,81,70,62,72,74,77,86,97
79,93,105,110,109,104,98,96,95,95,94,108,125,129,115,112,102,91,87,89,95,104,110,109
78,91,104,113,119,116,113,110,103,95,97,111,127,132,118,120,124,125,122,122,123,125,123,119
78,89,102,112,118,121,117,110,101,93,93,111,128,130,119,117,121,126,129,130,133,135,130,120
80,85,97,111,119,117,106,95,93,101,96,113,130,132,120,119,111,111,125,136,141,139,130,119
84,81,88,103,109,100,84,74,78,92,89,104,120,122,113,116,98,89,106,127,136,133,123,114
91,80,79,86,89,79,67,62,63,65,66,81,91,91,88,97,88,76,81,104,117,117,109,102
100,89,76,70,70,67,70,68,59,50,51,55,59,57,52,68,83,82,71,81,94,98,94,88
96,86,72,65,70,70,70,70,70,68,73,75,80,87,85,88,94,93,82,68,73,78,79,77
101,83,69,70,77,69,65,68,71,71,75,82,88,93,96,100,98,91,84,74,68,69,73,74
117,89,72,75,82,67,55,60,74,79,80,83,86,87,85,84,78,76,81,86,77,74,75,76
133,98,76,76,82,73,51,54,78,93,94,86,87,90,76,61,56,65,84,93,88,83,80,78
124,89,69,73,82,83,77,69,66,72,82,85,92,100,88,83,82,87,93,94,88,83,80,77
90,75,67,69,76,82,86,79,71,75,89,96,101,102,90,95,99,100,97,92,84,79,86,102
66,68,67,66,71,78,86,84,77,74,77,81,86,91,93,101,105,103,95,86,80,75,107,168
54,64,67,66,69,76,86,88,83,78,73,72,78,88,100,105,106,102,90,80,77,79,136,230
46,60,68,68,70,76,88,92,89,91,91,91,94,101,107,108,107,100,87,79,77,91,156,248
