129,141,149,154,164,176,185,190,193,197,196,197,199,201,201,194,186,179,172,161,149,142,131,115
121,120,121,128,138,146,165,181,191,197,202,202,203,205,202,191,176,162,150,137,127,117,108,102
96,85,83,90,97,94,108,128,150,176,196,202,201,193,173,148,124,107,97,91,91,85,78,77
76,75,78,83,83,73,71,79,102,143,178,194,193,174,139,104,80,70,70,74,81,83,78,71
89,108,119,117,111,100,91,87,94,118,158,184,184,161,129,105,97,97,99,107,109,116,116,105
126,123,110,100,101,79,85,99,108,116,144,174,177,148,118,121,127,107,75,91,93,100,116,132
146,120,92,91,113,87,105,122,122,123,131,158,161,135,119,136,145,127,98,104,95,95,115,143
159,132,106,105,124,112,127,138,134,125,122,145,148,127,124,142,153,147,133,130,121,120,134,154
166,154,141,134,135,140,144,147,142,125,120,141,144,126,125,141,157,161,156,152,149,153,160,166
163,161,159,158,158,163,165,158,143,127,123,145,147,124,121,141,160,169,166,162,160,163,165,166
166,167,169,167,163,163,164,158,142,126,126,150,151,127,115,139,164,176,175,173,172,170,166,162
162,167,172,175,174,173,176,169,146,121,133,159,162,136,111,130,168,193,195,189,183,175,165,156
152,162,174,181,186,188,187,172,144,123,146,180,184,153,115,121,162,195,201,200,191,178,162,147
141,156,173,183,189,191,185,162,134,128,156,193,199,165,120,118,150,179,188,197,191,177,156,136
131,147,167,179,180,175,171,153,130,124,142,170,176,151,113,118,146,167,171,178,180,171,147,124
126,138,157,171,171,170,163,146,129,128,134,136,131,122,120,124,138,151,156,158,169,164,142,122
126,134,150,164,167,167,157,146,140,140,146,144,141,142,144,142,142,145,152,157,164,158,140,125
127,133,147,161,168,170,152,139,140,145,154,156,157,157,150,141,129,129,147,165,166,154,138,126
124,132,146,160,172,179,147,123,122,137,149,154,155,150,138,123,103,109,145,171,170,153,133,123
115,129,142,156,175,177,147,117,110,130,151,164,177,181,154,130,121,138,168,175,164,145,126,113
106,121,133,147,169,174,164,144,125,123,138,149,155,152,136,129,138,155,170,170,151,131,110,94
103,111,123,139,158,166,168,161,149,142,148,152,152,149,146,147,152,159,163,158,136,115,93,71
106,101,110,129,145,158,163,164,163,163,164,160,157,159,167,167,161,156,153,143,120,97,79,67
110,94,99,121,136,151,158,161,163,167,166,156,150,157,171,172,162,153,146,133,109,83,73,83
