128,143,154,159,166,176,184,187,188,192,193,193,195,198,198,189,181,176,171,162,153,146,132,113
126,134,138,143,156,168,181,190,194,197,200,200,202,205,204,197,187,177,167,154,140,132,122,111
108,99,98,106,115,119,136,155,173,190,201,203,203,200,188,170,149,132,120,108,103,97,91,86
83,74,75,83,83,75,83,101,126,161,188,199,197,183,155,122,96,81,76,74,81,81,73,66
77,90,100,102,98,83,74,73,87,121,166,189,188,166,130,98,81,78,85,95,102,105,99,86
111,119,117,107,99,89,88,95,106,119,152,181,182,156,123,115,112,98,80,90,95,107,120,126
137,121,100,97,116,84,99,117,119,122,137,166,168,141,119,127,140,123,87,102,96,92,109,136
155,128,99,97,119,96,115,132,129,123,125,151,154,130,121,136,152,142,115,121,111,105,120,149
165,145,125,118,122,127,137,144,139,124,121,142,145,126,124,142,154,156,149,141,135,139,152,164
164,158,152,150,152,156,158,155,144,128,122,142,145,125,123,141,160,168,164,159,157,161,164,165
165,165,165,163,159,160,162,156,142,127,124,147,149,125,118,139,160,171,169,165,165,166,166,164
164,168,172,172,169,167,169,163,145,123,128,154,156,130,112,136,169,187,185,180,177,173,166,160
158,165,174,180,181,182,183,171,145,122,140,171,174,144,113,127,166,195,199,196,188,177,164,151
146,159,173,183,190,193,191,169,137,125,153,189,194,161,117,116,153,187,198,201,193,178,158,141
135,151,171,182,184,183,176,155,132,128,153,186,193,163,118,117,148,173,178,187,187,174,152,130
128,143,164,176,175,172,168,151,131,127,134,150,151,131,116,123,143,159,164,165,174,167,145,124
126,136,154,168,169,166,158,145,134,131,134,136,134,131,133,135,141,149,155,156,165,160,140,123
126,132,147,162,167,169,155,143,141,143,151,149,148,150,147,139,132,134,145,160,165,156,139,125
125,132,146,160,170,176,153,137,140,149,162,166,167,162,148,134,117,118,142,169,170,154,136,127
119,131,144,158,175,176,134,103,105,128,142,146,153,161,152,136,116,127,164,175,168,149,129,118
110,126,138,150,172,176,156,129,112,119,137,146,150,149,133,122,127,149,172,173,158,139,118,102
104,116,128,142,163,170,169,155,138,132,144,153,156,150,139,136,145,159,167,164,143,123,101,81
103,105,116,134,150,162,166,165,159,154,156,157,156,155,158,160,159,157,156,150,126,105,84,67
107,97,106,127,141,156,161,163,164,165,164,154,148,152,165,168,161,154,149,139,115,92,75,66
