64,66,71,78,85,100,112,120,124,124,125,131,136,136,134,131,133,135,134,126,115,110,104,94
66,65,68,71,69,69,70,74,84,97,112,123,130,131,126,116,103,92,84,82,89,94,93,89
63,63,57,48,42,41,41,44,54,72,93,112,125,125,109,86,64,50,46,44,51,67,82,87
62,64,53,39,34,37,50,57,60,67,81,107,127,124,93,68,53,45,41,41,35,51,77,91
72,75,72,66,64,59,81,94,90,82,85,112,135,128,89,80,83,75,58,67,59,66,86,101
83,98,103,97,90,86,89,94,98,98,95,112,131,129,95,91,93,90,82,84,89,109,125,122
82,103,119,119,109,100,98,102,108,110,105,114,129,130,102,104,105,101,101,108,123,135,133,120
78,99,123,133,128,120,118,120,121,119,111,118,132,132,104,110,118,122,125,132,143,139,124,110
78,97,124,142,143,141,140,137,131,123,113,120,135,134,104,108,126,142,149,149,148,134,115,103
78,99,126,143,148,146,144,138,129,119,112,120,134,134,105,102,122,144,155,157,150,132,112,99
78,98,122,139,145,138,129,114,101,102,106,121,136,134,105,91,105,128,144,148,142,126,107,94
73,92,112,123,125,117,97,80,81,102,110,126,140,137,113,91,83,97,120,129,127,115,101,91
67,83,99,105,102,88,71,65,76,97,109,129,142,138,118,92,72,72,91,108,110,103,95,90
63,75,85,87,82,68,66,74,82,85,94,117,133,128,110,92,77,68,68,86,94,94,91,91
62,69,74,71,62,66,79,88,89,85,74,87,102,102,92,90,88,77,63,63,80,90,91,91
63,67,72,70,60,60,67,77,86,89,83,84,89,93,89,84,72,65,64,60,81,94,88,73
64,66,75,80,70,67,52,57,76,78,76,75,77,81,80,64,54,64,81,73,88,97,80,49
67,66,78,88,81,80,61,57,72,81,85,87,90,92,84,59,59,78,95,90,96,94,72,42
69,67,76,87,89,90,86,78,78,100,111,114,117,117,99,76,81,95,98,99,98,85,68,56
61,65,72,84,96,96,89,84,85,91,98,100,99,96,89,81,85,96,103,102,89,76,71,76
45,57,68,79,96,100,94,86,81,79,77,81,81,77,79,82,91,101,104,95,66,89,105,73
47,46,56,73,89,100,102,93,80,74,71,72,72,72,78,86,100,107,99,86,93,123,117,66
64,53,50,61,79,95,107,104,92,83,80,79,80,85,92,100,110,112,104,106,137,143,110,65
79,78,58,48,71,89,106,114,111,98,93,94,97,103,111,118,117,114,123,151,153,136,101,67
