65,112,162,191,198,200,204,208,212,216,218,220,220,216,211,202,192,182,170,154,143,134,120,104
70,115,157,175,175,174,180,189,198,207,214,219,221,222,221,216,208,199,188,178,171,164,150,133
84,110,129,130,122,120,127,140,157,179,197,211,218,220,217,204,188,172,161,157,157,154,146,138
91,98,97,87,78,77,85,99,119,147,175,197,208,208,198,174,147,126,114,110,114,117,120,122
84,91,90,81,74,76,85,98,113,132,158,182,195,193,180,154,130,112,99,90,91,101,113,119
92,101,101,90,78,75,80,95,113,127,147,172,188,186,172,152,134,117,99,86,89,108,128,136
109,117,115,106,100,98,102,113,123,126,137,165,186,185,168,152,142,130,113,101,105,123,143,153
125,134,135,131,132,133,136,140,140,133,134,162,185,187,168,157,154,149,140,134,137,149,162,168
139,152,160,162,162,164,164,162,155,142,138,162,186,188,171,165,166,168,169,169,172,177,182,183
153,169,183,187,183,180,176,171,161,146,142,164,187,191,177,172,177,182,185,188,191,196,197,194
162,180,197,201,196,189,183,176,164,151,148,170,190,192,179,177,183,190,195,199,203,207,207,202
163,183,201,206,201,194,187,177,164,153,154,178,197,195,179,178,185,194,201,206,211,214,212,205
157,177,196,203,200,193,184,172,161,158,162,187,204,198,180,178,183,193,202,209,215,217,212,204
147,164,184,194,192,185,175,162,156,166,174,195,208,202,183,177,180,187,197,206,215,216,209,197
137,149,171,185,182,172,162,152,152,170,181,198,210,205,186,178,178,183,190,197,207,211,203,188
128,137,158,172,165,156,149,139,134,144,163,188,202,197,177,169,171,179,184,185,192,199,193,175
119,126,145,157,146,138,136,130,122,121,133,158,177,176,160,156,164,173,176,171,172,183,181,161
113,118,134,145,135,125,124,126,124,118,120,135,151,157,153,155,163,168,166,158,157,169,169,150
111,113,128,141,137,121,115,121,130,131,130,134,144,154,159,163,165,161,153,150,153,164,160,140
114,111,124,142,147,128,108,106,121,135,141,147,154,161,163,161,154,143,138,149,163,170,157,131
118,112,119,138,154,146,121,108,117,138,149,158,165,169,168,162,150,140,141,162,176,177,157,130
123,115,115,130,152,158,141,124,123,141,157,169,177,179,175,166,156,153,162,178,184,178,154,125
110,104,103,113,133,148,145,133,127,139,158,174,183,184,178,170,166,171,181,188,185,173,145,112
83,80,83,93,106,124,131,126,122,134,153,170,179,181,176,171,172,178,186,188,182,166,134,100
