8,7,7,8,10,18,41,81,122,148,159,160,152,141,132,133,136,137,136,126,108,84,59,44
14,9,7,8,14,29,64,105,137,151,159,159,152,143,138,134,126,121,121,115,107,91,70,52
22,14,11,15,22,38,63,89,112,128,142,151,150,138,121,104,86,77,78,77,80,80,71,59
31,25,24,30,38,49,50,55,72,98,120,137,140,125,94,72,58,53,55,58,63,67,67,62
44,43,46,54,64,76,67,60,71,102,116,124,123,109,87,79,79,83,89,91,87,79,70,66
62,65,67,75,95,126,113,99,117,161,151,128,112,106,98,98,98,98,99,101,97,90,84,79
79,74,69,70,83,120,110,96,102,121,114,115,116,109,103,108,120,110,83,83,85,85,85,86
88,77,67,65,72,92,91,87,86,88,83,101,111,103,96,104,115,104,77,76,80,84,88,91
94,82,74,74,81,83,91,95,95,94,82,97,106,97,90,98,100,96,91,90,93,96,98,97
100,96,94,97,104,110,117,118,111,100,83,107,124,112,94,104,111,113,115,114,114,116,112,103
109,108,111,117,124,128,133,131,119,101,88,114,131,118,102,115,126,132,135,134,133,129,121,113
121,122,125,131,139,142,145,139,121,97,95,120,134,123,108,119,135,145,147,147,146,141,136,133
125,123,127,136,146,148,145,132,111,93,101,124,136,127,111,116,134,147,148,150,147,142,139,141
120,117,124,138,147,147,134,116,99,95,107,130,140,131,116,114,126,138,142,144,139,134,133,133
117,121,133,147,151,145,128,113,104,102,113,136,144,135,125,117,121,130,136,136,136,136,135,131
116,117,129,144,150,141,127,114,106,99,99,112,112,104,113,116,123,135,145,147,148,145,139,131
113,113,122,134,138,130,123,115,102,88,85,92,93,89,95,108,125,140,147,144,144,140,132,125
110,109,114,119,118,115,113,107,96,84,85,91,94,93,92,105,123,137,140,135,133,128,122,118
108,108,108,105,100,101,98,94,92,92,99,106,108,107,106,110,117,123,127,125,125,122,117,115
110,110,105,98,93,89,86,88,93,98,110,118,120,118,114,110,106,105,106,112,117,119,118,119
112,110,107,103,95,77,70,75,85,92,100,108,110,107,105,101,94,88,89,101,113,120,122,122
113,110,110,111,105,85,72,78,98,110,115,118,119,121,121,115,95,80,84,106,116,122,124,123
110,109,111,114,114,101,85,90,111,129,141,146,150,154,149,135,108,89,96,118,121,123,124,122
107,108,109,112,116,108,96,96,108,126,152,170,180,179,161,143,120,109,115,125,124,124,123,120
