57,72,84,87,90,103,111,122,135,143,150,155,157,154,150,137,119,97,74,57,46,40,37,36
62,76,84,84,88,100,107,119,133,144,154,161,162,159,154,140,120,95,70,51,39,33,32,34
62,67,67,65,68,75,80,91,107,125,144,159,162,155,143,121,99,76,54,39,32,27,29,37
57,53,51,51,52,52,53,60,76,99,126,147,153,141,121,93,70,53,42,38,37,33,34,41
53,55,60,66,67,61,57,60,71,89,114,134,138,124,102,77,60,52,51,56,58,53,48,46
64,73,83,90,93,86,77,75,83,96,113,130,132,117,97,82,78,75,70,66,65,62,61,64
77,79,84,87,85,72,67,74,88,101,115,131,133,119,98,91,95,91,72,54,55,57,60,66
81,78,80,84,80,57,61,79,96,105,116,132,137,124,102,98,107,103,77,55,57,60,62,65
82,79,83,91,90,67,75,95,109,111,117,132,140,130,108,104,114,113,92,75,75,76,74,73
89,89,93,102,107,98,103,114,121,118,118,131,141,135,116,109,116,120,112,103,98,95,91,86
98,102,107,113,120,122,123,127,130,124,120,132,143,139,122,111,117,127,128,124,119,115,108,99
106,115,123,129,135,137,137,137,133,124,121,131,143,142,126,110,114,127,137,138,136,131,122,112
112,122,133,140,145,146,146,141,132,120,120,131,142,144,130,111,108,121,137,144,146,142,132,122
114,123,135,145,151,152,150,142,128,117,119,133,145,147,137,116,105,111,129,142,149,147,137,126
113,123,138,151,157,157,153,140,124,118,123,138,151,152,141,120,106,104,113,131,142,142,132,121
108,123,141,153,158,157,148,132,117,114,119,131,140,138,123,101,91,91,99,115,126,127,118,107
101,117,135,147,150,147,137,123,109,101,103,109,115,111,94,76,76,84,94,102,106,106,98,89
87,104,121,131,132,130,125,117,105,91,88,90,93,90,75,62,65,78,88,89,88,87,82,75
72,88,104,110,110,112,114,112,103,88,80,79,82,82,71,60,60,67,75,72,70,73,72,66
68,79,91,95,92,95,98,96,87,74,70,70,73,74,67,60,58,60,60,55,51,59,63,57
57,69,81,83,72,73,79,81,80,79,85,89,91,91,86,79,73,66,58,51,49,54,56,50
54,61,72,74,63,61,68,76,83,90,100,105,104,100,97,93,85,73,60,56,56,55,49,41
60,58,65,70,63,61,68,81,94,106,114,117,114,109,106,104,97,82,68,67,62,52,40,30
70,59,61,69,66,65,73,88,105,118,125,127,125,121,119,117,109,93,78,79,64,46,32,21
