57,59,65,73,82,87,90,95,101,104,110,109,108,110,110,110,113,116,118,119,119,116,111,107
57,63,69,73,74,76,76,79,86,93,100,101,103,108,106,101,98,96,96,100,104,106,107,107
59,64,66,63,59,55,50,52,61,71,82,87,92,96,91,85,75,67,64,71,81,89,96,102
60,61,56,49,43,36,30,31,39,49,60,72,81,84,74,64,52,44,42,45,57,70,81,89
60,57,49,40,35,30,29,30,32,35,44,61,80,85,65,47,38,39,40,32,39,53,67,74
59,53,45,42,43,33,34,41,42,36,40,65,91,96,66,53,47,48,49,33,38,47,57,66
58,54,49,47,49,49,55,60,56,46,46,73,100,103,77,68,61,60,65,56,59,65,70,76
62,62,61,60,62,66,70,71,67,58,56,77,98,102,90,85,76,72,74,74,79,85,90,93
67,71,73,75,77,77,77,78,76,68,63,78,94,99,97,99,94,86,83,85,91,98,105,107
67,74,80,83,83,84,87,90,86,72,66,82,98,101,100,109,112,108,102,98,103,108,111,113
64,71,78,83,88,92,98,98,86,66,67,87,102,103,102,109,116,118,114,108,107,109,112,112
62,67,76,83,90,98,101,92,76,69,72,91,105,104,99,99,105,113,120,117,115,115,113,109
61,65,73,83,91,100,91,73,61,66,73,91,103,102,96,91,86,95,115,119,121,118,112,106
62,63,70,81,89,94,71,52,49,54,65,80,90,92,87,80,70,76,100,113,119,117,109,102
61,61,67,77,83,76,56,46,48,46,53,59,64,67,60,58,65,73,81,99,110,111,106,99
58,58,64,73,75,61,56,59,63,56,56,55,60,72,78,81,90,86,72,86,100,104,100,94
54,55,61,69,70,57,67,80,84,81,81,72,73,87,97,103,105,98,84,73,88,96,95,91
52,53,59,66,68,58,72,83,83,84,87,80,78,87,95,102,106,105,94,69,80,90,90,88
52,53,57,64,67,58,61,61,57,60,67,66,66,68,72,74,89,98,88,74,81,87,87,87
50,53,59,65,68,55,41,34,38,53,61,59,54,49,47,41,49,65,77,73,87,90,86,84
52,55,60,68,78,71,55,45,44,50,56,60,61,60,60,57,60,68,74,78,94,95,87,86
51,54,59,69,83,82,70,59,55,59,64,68,71,75,80,79,82,84,83,84,97,96,88,85
52,52,56,66,78,82,78,68,63,68,74,75,78,83,90,93,96,96,92,89,95,93,86,82
54,51,52,60,71,78,80,74,67,68,74,79,81,84,89,96,99,97,94,91,90,88,83,78
