22,50,88,118,136,147,158,172,185,194,199,202,201,194,187,180,169,158,151,143,129,122,113,98
48,60,88,117,130,137,148,163,178,191,198,203,204,201,199,196,189,182,178,175,168,164,157,146
81,73,87,110,117,120,125,138,155,174,189,198,202,201,199,194,184,174,170,170,172,173,170,166
88,78,87,105,112,113,112,115,127,147,167,182,188,186,179,169,153,141,138,141,147,150,150,150
63,72,89,107,120,122,117,109,108,119,138,159,168,163,154,141,128,120,122,130,140,141,137,134
67,80,97,110,113,108,98,90,88,99,122,150,164,159,144,130,120,117,122,135,148,152,146,136
77,91,104,106,99,90,81,75,75,88,115,149,169,164,145,128,114,106,105,105,117,130,137,134
86,102,112,109,104,102,98,92,89,97,119,151,169,164,150,134,119,110,105,95,94,103,117,125
94,113,124,126,128,133,132,125,117,117,130,153,164,159,153,146,136,128,125,117,107,103,111,123
106,125,142,151,154,154,147,139,132,130,139,154,160,155,155,158,154,148,146,146,144,140,139,142
122,136,155,170,175,173,161,149,140,136,148,161,161,153,154,164,169,168,164,164,166,167,167,167
135,145,163,179,184,178,165,151,142,145,162,172,167,155,152,162,173,180,183,181,184,186,186,184
142,150,165,179,182,173,160,146,140,150,172,180,173,160,156,160,167,179,189,192,195,198,196,190
143,149,161,171,170,158,148,137,132,143,165,172,165,154,155,156,157,165,180,191,197,204,201,190
141,145,153,156,148,136,133,125,117,120,137,140,133,126,131,140,145,151,161,176,192,207,205,185
136,140,142,136,123,121,126,124,115,112,120,121,122,126,132,137,144,149,149,153,173,193,191,170
128,132,129,118,108,116,126,128,126,126,130,131,134,141,146,147,151,151,145,136,153,172,171,149
116,121,118,108,104,115,125,131,135,143,150,152,152,156,160,159,157,153,145,130,136,154,154,132
100,111,113,106,104,109,115,123,134,147,157,160,159,159,161,158,153,147,141,129,127,141,143,122
87,104,114,111,103,93,91,105,124,136,143,145,146,146,143,136,126,120,120,120,122,136,135,111
73,97,116,121,115,96,87,102,132,153,156,159,166,172,159,137,110,93,94,105,118,136,131,100
59,88,115,129,130,115,100,100,114,131,132,136,149,160,148,126,103,93,100,115,130,145,132,95
40,70,101,118,124,122,109,97,93,97,96,99,111,124,121,115,110,114,127,139,148,151,128,86
21,50,80,95,99,109,104,97,92,90,86,87,93,102,108,116,124,136,148,153,156,150,118,72
