101,54,30,67,149,189,217,237,248,248,249,250,250,247,241,226,204,188,185,184,177,169,163,159
101,47,30,83,171,204,225,239,245,246,248,250,250,248,244,240,227,214,206,198,186,177,170,166
95,42,46,113,179,199,210,218,223,229,235,239,238,233,226,219,204,191,189,190,187,184,179,171
95,60,83,143,176,177,173,172,178,189,207,216,212,196,181,172,156,145,148,164,174,183,183,174
116,113,127,153,167,153,129,121,127,135,172,192,179,147,131,136,140,138,138,153,160,171,177,174
159,182,146,100,112,108,94,91,101,118,171,199,175,124,112,146,172,182,185,188,169,158,155,155
179,197,150,98,116,123,110,100,100,114,177,210,187,130,93,111,147,177,192,190,159,150,153,150
189,194,152,102,97,97,92,95,110,136,198,221,203,159,112,89,95,115,134,142,130,143,159,156
197,199,163,107,70,57,68,97,134,171,223,232,215,191,163,119,84,69,77,93,108,139,164,165
205,216,191,143,110,99,122,155,178,193,235,242,222,201,201,188,153,122,111,110,125,152,171,172
205,224,221,200,186,173,182,193,200,215,242,245,228,208,199,196,185,173,170,178,192,199,196,189
199,223,233,227,224,216,211,204,204,225,245,244,231,217,203,194,195,200,206,219,226,223,213,205
196,216,229,233,235,227,208,197,200,209,223,225,223,220,210,188,196,215,225,233,233,229,221,213
195,202,207,211,213,197,170,163,165,154,165,174,179,184,188,163,173,199,216,221,220,220,215,207
187,181,164,147,135,118,103,91,76,62,83,91,84,84,112,107,102,119,153,169,185,193,191,186
163,152,131,112,102,96,105,90,53,27,34,39,37,40,59,90,94,87,89,108,133,148,151,149
130,122,109,100,101,105,105,83,48,25,23,25,28,35,49,79,96,92,79,82,99,110,112,111
96,97,96,93,91,88,78,64,52,44,46,46,48,53,59,64,78,88,87,83,89,88,83,80
67,75,85,81,56,39,37,44,54,65,77,78,75,71,63,44,40,53,75,91,93,80,65,60
46,57,70,61,27,20,20,31,52,68,81,85,81,70,58,33,19,22,46,91,97,74,48,41
32,39,53,55,41,55,65,85,118,152,163,164,164,157,135,101,77,55,42,67,67,49,30,25
26,28,37,48,59,92,109,121,142,173,183,183,183,178,164,151,134,96,51,47,41,30,20,15
29,26,27,39,62,102,120,120,118,127,131,132,133,135,140,154,149,111,58,35,26,21,15,10
37,29,24,30,52,87,104,101,86,77,71,72,80,94,112,133,130,99,56,29,20,17,13,8
