31,26,23,24,26,23,26,45,75,102,115,123,123,118,111,91,57,36,40,52,51,42,37,42
29,25,30,45,62,69,65,57,58,74,98,112,114,104,86,71,68,79,100,113,101,75,54,49
31,31,43,61,76,83,82,78,72,69,88,105,110,100,81,77,81,90,101,113,113,96,76,64
38,40,45,51,54,54,64,78,86,82,87,107,118,110,94,87,75,60,53,69,77,85,88,84
48,42,32,26,28,23,38,52,66,86,85,114,133,123,100,74,52,32,28,59,46,62,91,101
59,53,47,44,44,32,50,72,87,96,86,117,137,127,112,87,66,48,46,81,89,98,107,112
65,70,73,74,73,68,79,95,106,101,92,119,142,139,124,112,95,81,83,103,117,125,124,118
70,85,99,105,105,105,110,116,116,103,95,119,143,147,135,134,124,116,117,126,137,145,140,125
74,92,112,124,128,129,131,129,119,100,92,114,140,147,139,143,142,138,138,143,152,158,151,135
77,91,112,128,135,137,137,130,115,94,84,107,135,144,132,138,139,139,143,148,158,162,154,141
77,94,115,130,135,139,137,121,97,80,81,107,136,143,126,119,123,134,143,147,160,163,153,141
76,90,112,127,131,132,119,98,86,91,87,112,138,142,127,129,112,108,128,139,152,155,145,131
70,82,101,117,121,119,98,76,68,74,69,92,117,120,101,115,105,96,107,122,135,141,135,123
61,71,87,102,107,105,88,69,55,45,46,62,83,91,76,88,106,107,94,100,114,123,123,117
55,62,76,90,95,93,88,80,74,73,75,72,78,98,117,117,122,118,100,83,95,107,109,105
55,59,72,81,77,78,77,78,84,92,103,103,105,115,128,123,120,116,102,79,86,101,110,108
57,60,76,83,65,60,61,66,72,80,90,97,102,107,110,110,112,107,93,81,92,108,114,110
60,61,82,95,75,52,42,47,60,73,81,92,101,104,105,104,89,75,76,86,106,116,116,113
62,61,82,106,102,65,35,36,59,82,93,107,115,117,120,110,68,48,72,94,116,118,113,114
58,59,73,98,118,95,67,53,57,73,84,100,111,111,109,103,94,98,111,113,116,114,109,106
46,55,65,80,100,100,81,61,55,67,90,102,114,122,114,104,105,118,129,121,114,112,96,68
26,43,56,65,80,94,89,75,63,62,75,84,94,104,105,107,115,127,134,122,112,100,68,25
12,31,46,54,64,84,93,91,82,72,71,75,81,90,103,116,125,132,131,117,103,72,31,0
11,24,39,48,54,74,91,99,100,96,96,93,95,104,120,127,130,132,129,110,89,41,2,0
