122,117,98,87,103,121,130,137,147,156,158,155,149,140,128,117,105,95,90,88,83,73,67,68
108,89,74,69,66,63,64,71,87,113,141,147,141,131,115,85,62,49,45,47,48,44,40,41
106,92,87,87,76,64,59,64,78,99,129,139,133,117,94,66,55,52,51,55,53,47,40,37
121,118,110,101,94,84,77,82,97,113,132,141,135,109,72,58,65,75,76,69,62,55,52,53
141,132,103,76,68,52,43,54,83,119,141,154,145,109,58,43,52,64,63,37,36,38,49,68
147,143,136,124,103,86,76,78,96,125,140,150,139,104,63,53,77,102,106,98,96,86,82,89
152,154,155,150,140,128,116,110,116,133,139,144,133,103,70,59,76,98,111,117,119,115,110,107
156,160,162,160,156,149,141,136,135,137,138,139,128,103,74,67,79,99,117,129,132,129,119,107
157,162,165,164,158,153,150,149,146,139,137,137,127,104,76,74,88,110,130,143,146,135,115,96
153,160,167,169,165,160,155,153,150,142,137,135,128,106,76,76,86,104,128,144,146,136,113,91
155,161,171,175,169,161,156,152,145,129,128,129,123,104,75,71,71,87,120,139,142,134,113,90
155,163,174,176,163,147,133,134,141,133,134,139,135,116,83,74,59,60,88,125,134,129,112,91
154,160,167,165,146,121,115,128,139,130,132,141,140,116,74,60,47,42,58,107,124,122,106,89
152,153,155,146,121,101,116,134,133,119,119,127,122,93,49,37,41,41,46,92,114,114,99,82
148,149,148,131,101,113,124,126,122,119,123,115,93,65,46,47,54,52,49,80,104,107,90,71
147,151,142,123,114,127,133,132,130,133,137,128,112,96,87,80,73,64,59,69,97,105,88,63
145,151,139,123,124,119,109,108,115,119,126,123,114,103,89,77,65,57,58,70,94,110,95,62
143,147,139,130,130,120,88,80,99,114,119,116,107,93,70,56,42,39,55,85,107,121,103,61
139,143,143,138,134,139,100,82,100,127,133,125,112,93,63,48,32,33,63,108,131,132,100,55
130,136,142,139,132,145,139,120,106,115,140,146,138,118,83,63,57,68,94,119,144,129,86,51
131,131,136,139,136,148,150,139,126,124,136,131,123,116,100,76,67,75,92,107,140,114,68,55
127,126,130,136,140,150,151,145,138,133,135,126,115,108,100,80,68,74,91,97,118,89,54,57
118,122,127,132,139,146,149,148,144,141,134,122,108,98,90,76,68,76,91,91,89,66,49,53
110,118,125,130,134,138,146,150,149,146,130,110,95,88,83,71,70,79,87,84,67,55,49,46
