164,174,185,191,193,191,190,189,186,183,178,172,166,159,153,147,141,135,127,119,111,104,97,90
150,167,180,184,184,184,185,186,185,181,176,170,163,156,150,144,139,134,126,119,111,103,96,88
137,152,162,161,156,152,155,162,169,171,169,164,157,150,144,139,135,128,118,106,96,89,83,78
128,140,146,143,133,121,118,124,136,147,155,156,150,143,136,129,121,111,99,86,79,74,70,67
121,136,147,145,132,113,98,92,99,115,135,146,145,136,125,111,97,84,75,73,74,73,69,63
119,128,129,119,106,94,84,83,92,107,125,139,142,132,117,99,82,72,68,70,74,76,74,69
119,125,118,102,87,69,62,69,87,109,133,149,149,132,112,93,74,57,47,51,58,65,70,72
124,132,131,119,106,87,78,83,100,124,152,168,162,138,115,101,84,67,57,61,67,72,78,84
131,144,153,151,142,130,118,115,126,149,172,183,173,147,122,116,108,99,94,96,98,98,100,104
134,148,159,160,153,144,137,137,149,170,185,189,176,152,131,127,127,123,119,118,120,120,120,120
134,149,162,167,167,164,162,166,174,184,190,191,177,152,133,131,136,138,136,137,141,140,133,127
133,149,164,171,174,175,176,179,183,188,190,190,177,153,134,131,139,147,151,155,156,149,137,127
128,146,162,171,175,176,176,176,178,184,188,189,178,156,135,127,135,147,156,161,161,151,135,122
122,140,158,167,170,168,164,162,166,177,185,187,178,157,134,122,125,137,148,155,155,146,130,115
114,131,150,160,161,154,146,146,157,170,175,177,169,151,129,117,115,123,136,145,145,137,122,106
107,120,136,145,145,137,136,146,157,155,147,147,142,127,111,103,105,113,122,130,133,126,110,95
101,110,122,128,127,124,134,150,160,153,139,129,118,107,100,99,106,111,112,115,117,111,97,86
97,106,115,119,117,116,129,145,156,155,145,130,116,107,104,106,110,110,107,108,106,100,88,79
92,105,117,122,121,115,117,126,139,147,147,140,130,120,114,111,104,100,102,110,106,97,85,76
83,102,119,129,133,121,108,105,116,131,135,135,131,123,110,95,82,83,100,116,112,99,85,73
65,90,114,129,138,137,128,116,112,128,144,151,149,137,112,88,81,93,112,119,110,95,78,66
44,69,99,122,136,144,144,135,126,129,142,146,142,129,107,91,96,111,121,116,102,82,62,50
27,48,80,109,129,142,148,147,141,133,135,133,126,116,104,102,111,120,120,107,88,63,41,33
18,36,67,99,123,139,148,149,145,138,134,129,123,115,110,110,114,117,113,98,74,46,26,21
