140,165,180,184,192,202,211,219,225,229,231,234,233,227,217,210,199,188,178,167,159,143,123,112
139,164,172,166,170,179,191,204,214,220,224,227,228,225,220,216,209,202,197,194,190,180,166,156
137,154,150,135,133,132,138,150,167,188,203,211,214,212,204,188,172,160,155,157,163,167,170,174
141,150,144,130,127,118,112,113,126,153,178,193,198,194,180,152,125,109,107,113,125,137,153,168
151,165,169,163,160,154,144,135,133,144,164,180,187,184,171,147,127,119,126,139,148,155,164,173
147,168,166,140,116,99,101,118,142,162,172,184,191,187,175,162,140,121,115,130,153,170,180,182
156,174,167,142,126,115,114,125,144,165,182,205,212,197,177,158,138,116,102,111,130,157,180,186
168,184,182,168,160,155,152,153,161,177,197,226,230,208,187,169,155,142,134,138,146,166,186,191
179,196,204,199,191,187,186,187,191,198,213,236,237,217,205,196,189,185,186,188,191,196,200,198
191,205,217,218,214,207,207,210,212,212,221,239,239,224,221,217,210,203,201,205,211,214,211,204
199,209,219,227,234,228,225,220,216,215,226,242,241,225,221,222,223,223,224,226,224,221,216,208
203,211,220,228,233,230,226,218,213,217,228,245,242,224,217,218,223,227,231,233,228,222,214,207
202,210,218,224,226,224,220,213,209,218,226,240,240,224,217,215,220,226,228,230,227,220,210,201
196,203,212,217,220,220,217,209,204,208,214,225,226,218,214,213,219,224,223,222,221,216,204,191
188,195,203,208,211,213,216,207,191,179,187,198,200,194,194,208,219,222,218,216,214,207,194,180
180,188,196,200,203,207,211,206,191,175,174,177,179,180,188,208,218,217,210,210,208,202,189,172
178,185,191,194,196,199,205,207,201,191,183,178,181,189,198,210,213,209,203,203,202,199,186,168
175,182,188,190,190,190,196,201,202,199,193,187,189,197,204,208,206,201,197,198,198,197,184,165
171,180,186,186,184,180,180,184,189,191,193,191,190,192,195,194,192,191,194,197,197,195,182,163
173,179,185,187,184,168,151,155,175,186,193,195,193,189,181,161,164,180,193,196,193,193,183,164
166,174,181,186,187,180,159,156,171,187,199,201,200,195,181,159,168,186,194,191,188,192,185,163
170,177,180,182,189,191,179,172,177,192,202,204,203,199,187,179,186,194,194,188,186,198,194,167
165,177,177,170,173,180,180,176,177,188,196,200,199,197,192,196,200,198,193,188,185,201,195,160
147,170,172,154,144,155,160,161,165,175,186,192,193,192,192,197,200,198,192,188,186,199,185,137
