138,192,227,233,235,236,235,233,230,225,221,219,218,215,209,203,188,170,159,150,133,115,100,92
133,191,224,224,226,228,229,229,228,223,220,218,218,217,211,199,182,166,154,144,133,128,122,114
131,186,212,207,207,210,214,217,218,216,215,213,212,209,199,182,165,153,145,134,124,123,125,123
135,182,202,195,192,193,196,200,204,208,211,205,195,186,180,168,157,150,145,136,121,112,113,117
143,186,204,194,186,180,182,185,192,203,209,195,172,159,166,172,172,167,158,148,132,117,111,114
150,189,201,182,162,149,157,173,189,206,211,190,156,137,152,168,171,159,139,129,127,122,118,118
159,194,205,189,172,159,162,176,194,210,210,186,149,126,142,167,174,159,134,122,121,124,127,128
169,199,211,202,192,183,182,191,203,211,207,184,151,131,143,167,178,170,152,138,130,131,136,139
178,204,215,209,204,200,201,206,211,212,204,183,158,143,148,168,181,183,175,163,151,145,146,148
185,207,215,209,205,203,206,210,213,211,203,185,162,146,147,166,181,186,182,174,165,158,154,153
191,208,215,211,207,207,207,210,213,213,203,185,159,138,135,157,178,186,183,176,170,162,155,152
194,209,215,212,209,205,202,205,211,211,200,181,153,125,115,141,169,182,181,174,169,160,152,149
193,207,213,210,204,195,193,198,206,206,193,172,145,117,98,119,151,172,175,170,164,156,148,144
189,202,208,202,192,182,187,195,199,196,181,155,128,105,84,94,127,157,167,164,158,150,142,137
181,195,198,188,177,179,190,196,193,185,164,128,96,77,68,76,107,140,158,157,151,142,133,126
174,187,185,173,170,185,198,201,195,183,159,123,93,77,73,79,101,128,149,151,144,133,123,116
167,178,175,166,174,192,202,202,196,186,168,143,119,103,94,96,107,123,139,144,138,126,114,106
160,172,170,166,179,192,198,197,193,187,177,162,144,127,115,111,112,118,127,138,137,126,113,103
155,168,170,169,179,181,184,187,186,182,174,163,147,131,118,110,107,110,119,135,140,133,119,106
150,168,174,171,170,157,162,173,180,176,167,153,134,114,97,90,93,105,122,140,145,138,121,104
139,167,180,177,174,162,164,173,178,174,165,151,134,115,97,93,102,118,134,149,146,137,119,100
127,164,185,184,183,180,180,181,180,174,169,160,149,135,119,114,121,132,143,151,141,130,114,94
110,143,166,171,175,181,181,180,177,174,173,168,161,151,138,132,133,139,144,146,133,122,105,83
92,112,131,141,149,158,164,167,169,173,173,169,161,150,139,132,132,137,141,139,127,116,96,72
