185,196,210,223,234,240,243,242,238,233,230,229,228,226,223,217,209,199,187,176,168,160,147,135
172,187,204,218,228,233,238,240,237,232,229,227,226,224,219,211,203,194,185,176,170,161,146,132
163,180,196,204,205,201,204,213,220,221,220,220,219,217,210,200,191,182,173,163,158,149,136,124
161,178,192,193,183,168,164,172,187,197,204,208,209,205,195,182,168,154,143,137,136,131,121,114
158,177,189,188,177,157,143,143,154,170,187,197,199,191,174,152,130,113,106,112,120,120,112,106
152,167,174,169,154,133,120,122,136,156,175,193,198,181,145,110,93,94,105,118,123,118,107,98
149,159,160,146,124,106,105,114,129,153,174,198,203,176,123,80,77,86,89,96,103,102,97,95
156,166,171,162,144,128,130,135,143,160,177,200,204,173,116,82,92,106,104,105,105,103,103,106
172,186,198,200,194,180,175,171,169,173,179,197,199,171,121,105,122,140,142,142,134,128,128,130
190,207,216,216,213,205,197,192,189,185,181,192,194,169,127,122,140,158,164,164,162,162,159,152
199,217,225,219,212,208,205,204,200,191,182,191,192,169,130,129,147,166,174,177,180,180,172,161
201,221,228,221,215,213,213,211,205,192,184,191,191,169,134,127,148,173,188,190,188,182,171,160
198,218,227,223,220,216,208,198,188,183,181,190,192,174,139,120,132,164,193,199,194,182,168,157
193,213,226,228,224,210,187,167,161,169,174,188,194,180,141,111,106,136,183,201,200,186,167,154
188,211,234,240,224,193,159,145,152,165,169,183,190,173,132,103,86,107,161,193,196,183,165,152
184,207,230,232,206,167,142,142,152,151,152,159,161,144,101,83,79,100,142,180,186,177,162,150
178,199,215,209,182,148,140,147,152,143,138,135,130,116,90,87,92,106,131,163,174,170,157,145
169,185,194,184,160,137,142,150,150,142,134,127,122,116,103,104,105,110,122,144,159,159,148,135
155,167,174,166,147,132,137,145,147,145,140,139,142,140,123,113,104,103,113,130,145,147,136,124
143,152,160,158,145,125,121,130,142,148,153,162,164,151,125,105,92,94,110,130,142,142,129,114
140,154,167,167,150,115,101,110,131,149,163,172,168,149,119,92,82,92,116,139,153,149,128,106
140,161,179,179,158,127,119,125,136,149,163,172,169,154,129,104,98,109,130,152,166,151,119,95
148,167,184,184,167,152,154,156,156,159,167,173,173,166,149,127,120,127,142,159,168,144,107,84
161,171,182,183,174,169,172,173,173,177,180,181,180,175,161,138,126,129,144,158,160,134,99,80
