44,19,34,91,148,185,200,204,208,217,227,233,233,229,226,226,224,224,223,216,213,203,178,148
77,42,64,129,174,194,196,193,195,205,217,228,232,230,228,229,230,230,231,230,231,224,203,176
115,94,114,155,166,167,161,158,161,170,180,194,203,204,202,203,203,201,199,201,211,218,214,201
138,138,144,144,128,115,103,100,107,118,129,145,156,157,152,146,138,129,125,133,152,172,187,192
139,144,134,114,97,78,54,43,49,65,88,107,116,114,101,83,63,49,47,65,90,111,131,148
129,138,127,106,92,71,49,35,34,44,65,91,105,98,73,45,31,25,26,40,62,85,105,116
133,143,129,95,64,43,25,19,24,31,63,99,121,113,77,47,29,21,19,18,24,45,76,102
144,155,140,105,75,59,47,46,52,57,81,133,167,153,98,72,58,52,51,45,42,55,84,112
160,169,158,134,119,106,97,94,95,98,108,171,217,198,129,101,94,95,96,96,101,114,134,151
181,185,178,162,146,126,113,108,108,111,129,192,236,224,168,127,113,114,116,121,140,172,197,205
200,197,195,192,181,159,141,129,122,123,149,204,240,236,206,161,140,143,157,174,195,215,227,229
210,204,203,201,189,170,153,142,138,146,169,211,236,236,225,197,179,179,193,210,224,234,237,236
212,205,200,192,178,164,150,142,144,158,182,214,234,237,233,217,201,198,208,218,226,231,233,230
205,199,189,175,158,146,135,130,136,158,186,215,233,237,233,215,190,180,189,198,205,212,214,211
190,188,176,155,134,121,110,109,124,159,184,208,219,219,216,198,158,132,139,157,169,177,182,182
174,174,162,141,120,106,103,108,119,131,139,152,153,142,140,165,157,130,112,123,135,145,151,153
165,165,155,135,114,103,106,117,126,121,112,112,108,103,122,176,188,157,116,111,121,133,140,143
161,161,153,135,115,107,109,120,128,121,105,98,96,108,148,197,212,184,137,117,126,139,145,143
160,160,152,137,121,112,103,102,109,113,103,96,100,120,158,179,185,172,147,129,138,151,153,144
157,159,151,138,126,116,83,60,65,92,88,88,91,96,104,102,89,95,121,130,140,149,149,140
149,154,150,139,131,123,107,88,85,106,110,121,125,120,116,107,94,106,135,134,136,142,141,131
145,150,148,140,134,129,127,119,113,119,121,132,143,150,152,144,146,154,155,135,130,135,135,126
138,140,138,134,130,129,130,129,124,121,119,127,143,158,165,163,179,184,163,136,129,131,126,113
126,125,124,123,121,123,124,124,122,116,118,128,140,147,144,150,169,177,161,139,131,129,116,93
