57,59,63,69,77,83,89,95,102,107,109,109,109,110,112,115,118,121,123,122,118,113,108,104
56,60,66,73,80,84,88,94,100,102,106,106,107,110,110,112,115,118,120,120,119,116,110,103
56,62,69,73,75,76,76,79,84,90,95,95,98,103,101,97,95,95,98,105,108,110,108,104
57,63,66,63,60,57,52,51,58,70,76,79,85,90,84,74,64,61,65,77,85,94,100,101
59,59,54,47,41,34,28,27,34,45,54,65,77,80,64,51,41,37,39,46,60,74,85,92
59,55,46,38,35,27,27,31,34,33,41,65,87,85,56,43,42,40,31,30,40,54,68,78
57,53,45,41,44,49,54,56,49,38,42,72,96,93,64,55,54,52,48,48,59,65,70,78
59,60,58,55,58,66,70,72,67,55,53,79,101,100,81,73,67,64,66,71,82,85,88,93
64,70,74,73,73,75,78,83,83,74,66,83,100,103,97,91,84,80,81,86,94,99,105,111
64,72,80,85,88,94,101,104,96,79,69,84,98,100,104,109,110,106,100,98,102,106,111,114
63,72,82,90,96,104,109,103,86,69,69,90,104,102,105,114,116,115,113,111,113,115,115,114
63,70,81,91,100,105,98,83,69,69,73,94,106,103,101,103,106,109,112,113,119,121,118,111
62,67,77,88,97,92,74,59,58,70,76,96,107,103,100,98,87,87,102,109,120,124,118,108
61,62,71,81,84,70,53,48,55,62,72,89,99,98,93,92,74,68,83,96,112,119,114,106
58,58,66,73,66,48,53,58,54,50,57,66,74,76,67,68,82,80,61,72,90,102,105,101
53,55,63,67,57,54,65,71,64,55,53,53,60,72,79,85,95,94,76,58,69,84,92,93
50,53,63,66,56,58,68,74,73,70,67,62,67,83,95,100,104,102,90,72,62,72,85,86
49,53,63,68,57,52,51,56,65,72,70,64,67,79,87,89,90,90,85,78,63,71,84,83
48,53,63,69,61,45,30,31,45,62,61,58,59,62,62,59,63,69,71,67,72,80,85,84
48,52,62,72,77,60,50,43,47,68,84,85,81,77,70,56,59,72,80,76,90,92,86,84
49,50,57,70,83,78,67,57,55,66,75,78,81,85,88,82,85,90,90,85,93,92,85,81
51,49,51,62,78,84,77,65,60,66,72,74,78,85,92,94,97,98,95,91,90,86,79,76
57,50,48,54,67,79,81,72,64,70,77,79,81,86,92,97,99,99,97,90,84,78,75,75
63,52,47,50,60,73,83,80,71,74,80,84,88,93,98,103,102,101,96,83,76,74,76,79
