176,212,239,244,242,236,229,226,227,232,237,238,233,224,212,198,184,171,158,142,122,100,79,65
167,212,237,232,224,211,199,193,195,204,222,230,224,204,173,155,142,134,133,136,134,128,111,89
159,194,208,194,178,160,159,154,143,144,179,203,199,167,119,98,89,82,75,84,102,110,105,97
153,170,174,164,151,133,130,119,99,87,117,151,149,109,67,50,47,43,35,41,66,85,94,95
148,158,164,166,168,148,109,83,73,67,69,106,103,54,28,20,20,30,46,61,82,110,119,102
148,151,151,146,133,93,50,34,42,60,107,185,191,112,30,9,6,16,39,71,92,91,81,79
156,159,152,127,88,59,45,40,44,71,147,223,231,156,45,14,11,16,23,34,54,68,79,89
174,183,174,138,94,75,69,73,83,106,181,237,242,183,75,39,29,25,21,21,42,80,113,123
198,213,206,175,143,129,118,124,138,148,210,245,244,201,118,92,79,66,55,56,82,129,162,164
214,230,229,209,188,184,190,189,176,170,229,250,246,220,164,155,165,158,129,121,145,183,202,191
217,236,245,239,230,222,219,184,157,203,242,251,245,229,190,136,163,203,204,201,208,217,212,193
223,234,239,235,227,212,196,172,171,223,234,236,231,219,195,139,135,169,203,210,213,211,203,194
226,228,222,206,185,159,137,140,165,186,165,170,175,163,143,121,99,110,155,181,195,198,197,195
220,217,199,167,129,95,81,108,138,115,70,81,97,85,64,80,71,69,98,140,169,184,189,188
203,194,170,132,87,60,78,127,149,93,45,41,50,50,46,71,73,60,57,90,120,145,161,168
189,178,146,100,60,67,119,171,184,143,80,41,28,36,64,114,119,84,47,56,73,105,135,149
183,174,131,75,53,100,161,198,200,174,126,88,65,67,105,154,164,131,82,56,59,86,119,141
183,179,136,82,65,99,132,147,144,130,112,96,79,71,95,128,148,138,105,85,86,96,116,138
182,181,156,121,99,84,70,61,61,70,74,71,63,55,50,58,77,88,94,121,132,123,120,135
179,175,163,156,164,173,131,96,105,148,162,149,137,131,112,67,44,57,97,138,157,139,122,129
177,172,162,164,188,210,197,180,181,198,204,193,182,173,154,133,134,152,169,163,153,130,118,125
175,175,171,177,199,220,223,215,206,199,192,184,178,173,168,172,188,202,198,167,136,117,115,126
181,178,178,186,203,218,222,213,197,178,161,152,149,152,164,178,193,202,194,163,126,110,116,129
191,177,173,183,200,215,219,211,193,170,146,131,128,135,154,173,191,200,193,166,130,113,119,133
