198,217,233,241,245,247,246,243,239,236,235,235,235,233,228,225,225,223,218,207,194,174,152,139
185,215,235,240,243,243,239,233,226,222,221,222,221,218,213,211,214,217,216,207,199,178,153,139
175,203,217,213,208,197,187,182,182,183,187,189,188,185,180,177,179,181,181,180,187,175,152,136
162,173,174,165,155,135,119,115,123,134,146,157,158,149,137,127,122,120,123,130,146,147,136,127
138,130,126,123,114,99,84,76,81,100,124,156,160,132,98,75,64,65,75,84,92,98,104,110
121,115,113,110,98,87,77,67,66,86,143,200,201,145,80,50,46,57,71,85,89,87,89,95
122,112,106,91,62,63,82,82,78,108,172,218,212,154,80,46,34,37,55,82,88,83,85,96
142,139,132,118,96,95,110,118,125,156,198,224,211,163,107,81,69,69,81,102,102,97,100,109
170,183,181,170,165,156,152,162,181,198,213,226,211,172,141,136,135,134,134,135,130,128,127,126
190,214,217,196,179,176,186,199,207,208,216,226,213,177,151,167,175,170,162,160,163,161,151,140
195,222,236,234,232,226,222,214,203,199,211,226,217,181,148,160,185,203,209,209,202,182,158,144
197,222,239,243,239,225,198,178,175,184,198,212,203,173,148,145,158,186,216,223,216,191,164,149
195,214,227,227,215,187,159,149,150,146,148,151,142,126,122,128,131,149,183,203,204,186,164,151
183,194,202,198,179,144,146,152,135,93,80,72,66,65,76,109,119,121,135,164,172,165,153,146
159,164,169,163,141,128,168,168,116,68,58,52,51,55,56,84,111,115,106,125,136,136,133,131
134,142,143,128,108,138,178,179,145,115,100,79,77,90,91,106,126,123,97,93,109,113,109,110
117,128,121,103,106,155,187,194,184,172,154,126,120,134,135,143,153,140,103,80,93,98,96,96
109,121,112,101,120,157,175,176,170,163,149,131,126,133,138,146,152,141,111,82,88,92,89,89
106,119,119,115,123,126,123,114,105,100,93,90,88,90,97,101,104,109,107,88,93,92,86,84
102,119,128,120,95,63,42,45,69,93,85,80,76,70,64,48,39,51,75,90,103,95,83,81
96,115,132,126,92,64,39,35,53,74,76,77,72,62,51,32,24,36,69,106,108,90,75,73
86,105,129,138,127,122,100,81,78,87,86,79,74,70,60,50,56,72,93,117,101,77,63,61
83,99,125,149,167,181,165,137,120,127,124,112,104,99,87,82,98,116,123,121,90,64,52,50
89,101,123,152,183,201,187,160,147,162,168,164,152,134,114,107,117,131,134,119,84,59,48,44
