57,60,62,60,61,69,84,98,108,114,119,124,124,122,124,130,135,133,125,112,101,100,96,87
53,51,51,51,48,42,45,55,68,83,99,113,115,108,101,99,93,86,81,80,78,81,84,81
50,45,45,50,52,45,38,37,43,54,76,96,100,87,72,61,52,47,50,60,65,66,68,71
51,46,43,45,52,52,47,43,43,46,63,84,90,76,57,45,38,37,43,53,62,65,65,66
56,50,40,32,29,27,36,42,45,52,63,83,92,83,64,55,48,41,38,44,55,67,74,73
63,53,46,46,47,37,55,56,47,61,73,101,114,100,77,58,58,51,32,41,41,48,66,83
75,73,69,66,62,56,65,67,65,73,83,109,122,111,94,77,70,63,58,71,73,75,83,93
88,91,91,87,83,81,79,81,82,81,90,111,123,118,107,102,92,85,88,96,101,102,102,103
96,100,104,105,103,100,97,93,88,84,94,112,124,122,113,117,115,110,107,108,112,114,114,113
96,103,111,113,111,107,104,97,87,85,94,113,125,123,113,117,123,125,121,122,124,124,121,117
91,100,108,113,114,113,110,97,82,80,90,112,123,118,111,111,119,126,126,127,129,128,122,115
86,96,107,114,115,113,101,90,86,91,93,115,127,120,114,108,109,118,130,130,132,128,120,113
79,90,103,111,109,100,81,76,83,84,85,103,114,112,111,108,97,101,123,127,129,124,115,108
72,80,91,99,95,81,64,62,65,56,62,76,83,82,87,98,88,86,103,115,119,115,106,100
74,71,74,80,79,70,65,57,46,41,46,54,54,48,45,68,86,90,88,98,102,101,94,89
83,69,64,70,77,78,76,69,61,58,64,71,75,77,77,93,107,106,92,85,85,86,84,82
78,66,61,69,78,74,76,78,78,78,87,90,94,99,96,101,108,110,101,84,78,78,78,79
71,65,63,69,74,63,65,70,73,74,84,87,89,93,95,95,96,99,99,88,82,79,79,79
71,67,67,69,68,56,52,52,50,50,56,64,66,68,80,81,79,80,88,92,90,87,84,81
75,71,68,69,69,58,45,40,44,50,51,54,57,56,51,50,54,68,87,93,94,92,86,82
78,69,66,69,72,74,67,58,55,64,74,78,78,75,70,76,77,81,90,94,93,90,85,81
70,64,62,65,71,78,78,72,65,65,68,70,75,82,87,95,96,94,93,93,90,87,82,76
63,61,60,62,69,74,79,79,74,69,64,65,73,85,95,99,101,99,93,89,87,83,88,101
64,61,60,62,69,72,80,83,83,86,88,90,92,96,102,101,101,99,93,86,83,79,103,151
