83,136,177,194,207,216,225,235,243,244,239,234,228,221,215,211,201,187,174,161,142,128,111,92
95,138,170,182,195,203,212,225,240,247,243,237,232,230,229,227,222,214,206,198,187,173,154,137
114,130,142,147,155,158,163,180,204,224,233,235,233,230,227,219,210,200,192,191,190,181,167,156
113,114,114,115,116,113,114,129,154,183,207,221,224,219,208,188,167,149,138,138,143,142,138,135
88,102,110,111,108,103,101,107,124,148,177,200,209,204,186,155,127,107,95,92,97,100,102,107
100,117,123,114,105,99,101,108,118,135,161,190,206,198,169,134,115,106,100,100,104,104,103,104
119,130,129,115,100,93,105,115,120,133,155,185,200,190,157,122,108,101,90,90,103,112,117,120
138,146,146,136,127,118,127,131,130,140,158,186,200,188,156,123,112,104,92,93,107,118,127,136
156,168,173,171,170,162,159,152,145,152,166,190,203,191,163,136,126,123,119,122,128,131,138,148
176,192,197,193,192,186,178,168,161,164,174,192,201,192,168,152,146,150,158,163,163,161,161,164
191,206,212,208,204,200,194,184,174,171,176,192,201,192,169,159,161,169,176,181,184,184,183,182
200,210,217,219,219,215,208,192,176,170,174,194,203,191,169,161,170,184,192,196,198,198,197,193
201,209,219,227,229,220,204,184,168,166,173,197,207,192,170,158,167,186,204,212,212,209,202,194
196,207,220,228,226,205,181,163,158,163,174,198,209,195,171,156,154,173,203,222,225,217,202,187
189,203,217,219,205,173,153,150,155,157,167,189,201,191,167,155,146,154,183,219,231,223,200,177
182,193,202,195,171,144,141,143,138,128,133,147,157,152,139,141,147,155,170,201,219,218,196,171
174,179,178,162,134,119,120,117,107,97,102,115,122,118,112,122,139,152,160,177,197,203,185,156
164,165,153,128,102,95,96,92,84,82,93,110,114,103,93,100,118,134,143,152,171,183,169,140
154,152,131,100,78,75,82,88,89,92,109,128,128,109,89,84,91,103,115,128,147,163,155,128
149,141,112,78,64,71,90,109,123,132,145,151,146,129,107,90,81,80,85,98,125,147,144,118
140,139,120,94,83,85,108,139,169,192,201,203,195,177,153,118,87,72,73,82,111,137,132,101
134,147,147,136,129,122,132,156,189,218,229,234,225,205,184,146,110,93,97,101,121,137,126,95
114,133,149,152,149,144,141,153,178,205,220,228,222,205,189,161,137,129,136,137,142,141,120,88
81,98,118,127,125,134,132,138,157,179,194,203,202,192,178,161,153,155,161,160,155,143,112,75
