130,186,227,235,234,233,236,241,243,244,245,245,244,242,237,233,227,220,211,198,192,187,171,148
146,196,226,223,212,207,216,228,236,239,241,242,243,243,241,239,233,222,210,203,207,213,207,190
157,184,182,155,135,128,139,162,187,211,224,231,235,235,227,208,185,162,147,147,162,179,190,191
159,169,151,116,96,82,80,96,129,168,195,215,223,216,193,155,117,91,83,93,114,136,156,169
158,179,181,166,152,125,98,92,108,137,172,204,215,197,159,119,90,78,85,104,128,148,162,169
164,179,169,140,116,94,86,90,109,142,185,217,223,201,159,113,84,68,62,70,89,118,148,167
163,163,139,106,84,72,84,102,123,157,201,231,234,211,174,136,117,99,77,71,85,110,141,165
178,178,160,137,125,117,128,144,160,180,212,236,237,217,193,178,168,153,134,126,137,154,175,192
208,217,213,202,196,189,189,195,201,203,219,233,233,219,208,213,210,202,194,192,201,215,226,230
233,239,237,225,213,207,210,216,217,213,223,232,231,221,213,220,227,225,217,216,223,234,241,242
237,242,244,239,234,234,234,229,220,215,224,231,231,224,215,218,228,235,235,236,238,241,242,241
236,241,244,244,242,242,239,228,217,214,224,232,233,225,215,211,222,235,241,243,243,242,239,236
231,235,239,241,240,235,226,215,210,215,224,235,238,230,219,209,212,224,235,239,239,236,230,225
220,224,229,232,228,217,206,199,200,210,217,229,233,226,215,204,201,208,222,228,229,224,216,210
204,209,214,214,206,195,189,187,185,180,185,197,199,187,174,178,186,195,204,210,213,210,201,192
187,191,194,190,182,185,188,175,147,117,111,121,124,115,110,132,166,190,196,190,192,194,188,178
172,180,178,172,172,184,187,174,149,122,106,100,97,99,112,136,166,187,190,180,173,178,179,167
165,176,173,166,173,183,184,177,167,159,147,135,129,135,150,163,174,180,180,173,166,173,176,164
165,176,177,172,172,168,164,162,164,170,173,172,171,171,172,171,168,164,162,164,167,177,177,164
161,171,178,174,155,125,107,109,123,134,141,146,149,149,147,142,135,131,136,156,169,179,174,157
147,155,167,175,169,139,93,86,120,158,184,178,167,157,134,106,86,97,136,166,174,172,157,136
129,138,150,165,179,173,132,114,134,170,199,195,182,169,142,116,109,132,168,177,172,160,141,122
106,118,129,144,169,185,170,151,148,163,182,185,181,172,157,148,160,183,196,179,161,147,130,112
86,101,111,122,147,166,168,159,151,157,167,171,171,169,163,163,177,193,194,174,152,138,122,104
