91,72,65,66,60,56,62,67,81,118,141,149,147,141,132,103,65,40,36,41,48,46,37,29
103,98,103,105,93,95,89,83,87,108,128,137,137,129,115,95,76,66,68,72,74,64,48,38
113,120,128,124,107,105,98,92,91,95,113,126,125,111,95,84,79,78,78,77,74,66,57,52
131,153,166,152,116,81,71,76,83,89,100,117,116,96,84,90,78,67,65,50,49,49,51,55
163,209,239,219,150,63,36,47,71,92,90,109,110,90,90,130,91,54,59,28,37,36,35,45
153,210,248,230,168,98,72,76,89,97,92,115,116,97,116,195,140,77,85,71,68,60,56,64
144,199,242,237,190,127,104,102,105,105,95,117,123,102,102,206,161,98,108,102,90,82,82,87
140,166,195,202,176,136,122,121,118,110,104,120,125,102,82,158,136,103,119,119,109,103,103,104
137,133,140,149,144,134,130,130,124,110,115,125,122,100,75,92,89,93,116,124,123,118,114,111
133,131,132,136,139,136,133,128,118,105,122,129,121,101,76,58,61,82,107,119,122,119,112,109
136,139,133,124,124,127,125,114,106,112,127,134,128,106,74,54,59,77,95,105,108,104,100,102
131,138,144,143,135,131,126,120,116,118,133,145,138,110,77,71,59,68,102,119,119,114,107,101
124,133,150,159,149,137,131,129,127,121,122,135,129,97,68,86,64,62,106,133,132,126,113,98
122,130,146,156,150,138,133,130,125,118,105,113,106,77,58,86,75,70,103,131,133,126,109,91
121,130,142,149,146,138,135,131,119,105,116,120,106,84,78,82,85,95,111,125,126,119,104,89
123,131,140,145,144,138,132,127,124,122,127,128,123,114,107,102,100,102,108,114,115,110,98,86
127,134,142,145,142,134,128,128,131,133,134,130,128,125,115,111,105,100,101,103,103,101,93,81
129,136,144,147,141,132,126,126,127,124,124,119,115,110,101,98,92,87,89,96,93,94,91,79
128,136,144,146,141,133,120,110,104,98,97,94,89,81,77,72,66,66,77,93,88,90,91,81
130,134,140,144,141,126,101,82,75,76,77,69,64,64,61,55,44,50,77,97,91,90,90,83
134,131,133,140,142,129,122,112,98,86,98,101,96,87,78,63,53,66,94,96,93,87,82,78
147,132,127,132,137,132,133,131,121,107,108,105,96,86,79,71,70,83,97,88,87,80,71,67
172,137,118,122,129,131,132,131,129,124,112,100,91,85,81,81,84,88,88,79,78,70,59,53
197,141,109,114,122,128,130,129,127,128,122,115,110,105,97,94,90,85,80,77,74,62,49,42
