83,115,160,195,209,217,221,225,228,231,235,239,239,236,233,226,217,211,211,207,198,180,157,142
102,127,163,188,196,206,215,222,227,231,235,239,241,241,240,236,230,225,222,217,211,204,193,182
109,126,139,142,143,156,171,187,203,219,229,234,237,235,228,217,206,197,188,178,172,174,179,180
98,110,108,96,91,98,109,123,146,180,208,223,226,214,186,157,135,120,110,101,96,102,118,132
81,97,104,99,90,79,68,63,76,114,164,195,201,177,126,83,54,40,39,43,51,57,69,85
76,108,128,122,103,83,66,61,65,70,93,121,132,116,79,56,47,44,47,72,96,96,86,84
87,124,146,139,118,99,74,72,77,57,53,71,77,64,62,78,94,88,69,80,118,120,103,96
108,144,166,161,147,135,117,117,115,79,70,99,97,68,86,121,144,134,104,98,133,141,129,123
130,161,185,189,182,178,174,175,160,116,120,165,156,108,128,159,174,167,151,141,160,169,164,159
146,171,195,206,205,205,207,205,184,144,158,192,175,132,156,179,189,191,193,193,198,199,195,188
155,170,194,212,215,215,216,212,192,161,185,208,184,145,171,195,205,209,212,215,215,214,209,203
159,167,190,213,219,221,221,212,191,170,201,218,192,154,171,201,214,217,220,222,222,219,213,206
153,160,182,208,219,222,219,199,174,175,211,223,199,163,159,193,214,221,223,223,222,218,208,197
137,147,170,195,208,211,203,175,155,184,217,223,205,176,149,174,202,217,221,221,218,210,195,177
116,131,155,175,184,187,176,160,162,199,221,221,210,192,163,151,172,198,208,210,205,191,170,150
105,128,158,179,187,191,191,184,181,196,209,206,199,192,181,164,165,174,181,180,174,166,154,143
101,127,162,189,200,205,207,197,182,173,180,180,176,175,182,187,188,187,184,180,176,172,161,146
97,123,161,193,207,211,208,196,177,159,161,166,167,170,183,200,206,204,198,194,191,188,173,152
91,115,156,191,204,204,198,190,180,169,168,174,179,184,192,201,202,200,201,203,201,195,177,153
85,105,148,188,201,198,190,185,184,182,186,188,190,195,198,200,192,188,194,202,202,197,177,148
73,90,135,181,199,196,180,168,167,169,177,180,180,180,180,178,176,180,191,201,200,194,173,143
67,74,118,171,196,199,188,179,177,178,183,185,184,183,183,183,185,190,196,201,196,189,166,134
63,62,97,149,180,188,189,189,189,191,191,193,196,198,200,202,204,204,201,199,191,180,152,117
56,56,81,122,152,163,171,177,181,186,188,193,199,205,209,210,210,207,201,195,186,171,138,99
