77,115,149,169,189,211,226,235,240,241,243,242,240,238,234,231,217,207,201,184,153,126,96,69
90,126,153,165,182,203,220,233,240,240,244,242,240,240,235,237,229,220,212,193,167,140,110,84
106,132,142,138,146,156,172,194,214,225,238,239,236,230,217,212,202,195,191,178,162,144,121,99
114,128,125,112,110,106,112,133,161,184,209,222,217,197,173,154,138,133,135,135,131,129,121,110
111,123,123,116,111,101,89,91,107,129,162,187,181,149,119,95,81,79,85,93,99,109,117,120
119,132,140,137,129,120,107,101,105,118,142,162,160,137,114,107,107,110,113,119,125,127,128,130
127,142,146,135,123,118,93,85,100,123,157,184,181,150,123,124,122,111,103,115,127,135,138,139
136,149,150,138,129,127,104,94,108,134,171,202,197,161,133,138,133,114,98,110,124,139,147,147
147,157,160,155,153,153,142,130,129,146,175,200,195,164,141,148,146,133,120,125,136,149,156,153
154,166,174,174,174,175,165,153,147,156,178,196,192,168,152,155,159,158,156,158,166,169,166,159
159,175,188,193,192,188,176,166,161,163,182,196,191,174,170,175,178,178,180,186,191,188,177,165
164,181,197,203,202,197,189,178,168,167,186,198,192,176,178,190,196,195,194,200,204,198,183,170
166,182,198,207,208,205,195,180,168,168,187,200,193,176,176,190,202,202,196,206,210,201,183,170
162,176,192,203,205,200,184,169,162,167,186,199,192,173,167,175,190,195,192,206,210,199,179,163
153,167,182,189,184,169,156,151,151,158,180,195,184,160,152,154,166,178,184,195,198,188,168,152
142,153,163,164,156,142,137,130,122,123,147,160,147,123,124,137,149,157,163,174,179,172,154,138
132,142,148,142,126,103,95,88,80,80,100,109,101,88,90,102,112,119,128,148,157,153,139,126
125,136,138,122,93,69,60,56,52,54,65,70,69,66,65,71,76,81,91,117,133,136,128,117
122,133,129,102,65,52,51,52,54,56,60,62,63,62,60,61,59,59,66,87,112,124,121,113
117,131,122,88,53,49,54,64,75,82,85,89,87,80,73,67,62,61,62,69,97,117,119,109
112,130,123,88,52,51,61,78,101,123,131,136,135,121,96,78,73,67,61,71,101,120,117,103
104,127,126,94,59,60,78,97,114,134,145,153,153,142,123,109,94,77,68,84,111,125,116,96
88,112,116,93,64,67,89,108,119,134,146,154,155,150,144,132,108,84,77,96,117,124,109,84
70,90,97,83,62,64,83,106,126,143,154,161,163,160,150,131,104,84,81,98,115,119,99,70
