141,177,203,213,223,231,232,229,228,232,236,238,238,235,232,231,229,226,224,224,224,211,181,149
165,203,229,235,235,236,233,229,225,225,226,222,218,214,213,213,212,209,206,207,211,207,186,162
181,216,235,229,217,213,202,187,177,177,182,177,170,166,163,166,171,170,162,157,166,172,167,154
175,200,204,186,170,167,151,130,116,122,150,160,151,132,119,120,128,130,121,111,122,131,132,131
155,163,154,135,124,124,117,104,95,105,168,206,192,145,112,106,108,109,106,101,110,110,110,116
137,131,124,119,115,115,110,103,101,112,159,199,193,145,104,90,90,90,87,84,86,94,101,102
120,118,108,97,98,103,97,90,91,112,162,213,212,157,104,83,83,88,88,84,82,90,99,103
118,118,109,100,103,111,106,97,98,122,180,231,227,170,113,96,96,103,107,106,106,112,119,121
134,134,130,127,128,129,127,124,126,147,205,241,232,185,134,122,124,130,134,141,148,154,153,146
158,169,168,157,148,135,136,143,154,174,222,244,236,203,157,144,149,155,160,175,186,189,179,164
177,193,198,190,180,169,165,163,168,189,225,239,229,200,158,141,147,157,164,187,205,200,179,162
188,201,216,218,202,190,182,168,167,202,230,241,231,202,161,134,130,137,147,164,174,169,158,152
191,208,224,227,211,191,172,162,175,216,233,238,228,203,172,143,122,115,121,137,146,146,144,143
183,211,224,218,205,172,147,153,185,215,218,214,201,183,170,150,124,104,103,121,138,145,142,137
163,193,213,207,180,140,132,147,167,172,167,156,141,127,117,116,115,108,99,104,124,135,134,128
136,158,170,158,133,118,125,133,128,111,103,96,81,65,62,77,95,100,95,93,104,115,117,110
110,130,139,127,110,110,117,117,106,86,71,60,46,36,45,67,85,90,85,83,86,94,95,89
88,108,117,111,102,103,102,99,92,81,65,51,39,36,49,65,75,76,70,68,66,69,70,66
69,86,97,95,89,87,80,77,76,72,65,56,47,44,49,54,58,56,49,46,43,43,44,44
51,69,78,71,59,55,53,57,60,56,52,54,52,44,40,44,45,37,25,22,22,24,26,27
45,60,63,49,29,22,23,42,66,74,74,81,82,73,68,72,66,43,16,15,24,31,32,29
42,54,52,36,22,20,27,57,97,123,133,146,149,139,125,114,95,64,34,30,35,40,38,34
40,51,48,36,34,42,56,84,120,149,169,187,192,182,160,136,109,83,63,53,49,43,36,32
37,49,48,42,47,61,81,99,115,132,153,173,180,171,148,125,105,91,81,66,58,44,31,25
