13,27,62,99,117,128,141,158,177,194,206,214,220,224,229,233,230,219,204,191,178,162,138,115
28,36,69,106,122,133,148,168,188,205,215,220,223,226,230,234,229,215,199,186,176,163,141,120
42,48,77,107,115,126,141,162,185,206,216,220,221,221,222,220,207,187,168,152,145,143,137,125
49,57,76,88,84,91,105,124,150,180,200,209,209,203,191,176,152,129,111,95,90,101,117,125
54,64,65,54,41,45,53,67,91,130,167,190,192,172,138,110,82,63,55,50,47,61,90,118
60,76,74,58,54,55,54,53,62,86,126,165,175,149,109,84,67,60,63,72,75,80,97,120
71,94,97,80,68,63,60,62,66,73,103,163,187,156,112,89,72,60,56,68,80,99,122,138
84,108,115,100,81,79,78,88,96,88,105,176,208,175,133,110,95,80,70,81,94,123,151,159
99,118,128,119,101,104,105,119,128,113,123,191,223,193,161,143,133,124,116,122,131,155,175,176
116,128,145,149,138,133,136,143,142,131,144,203,229,206,190,182,177,173,170,166,176,188,192,186
133,139,154,170,175,170,172,174,166,148,163,215,234,211,202,208,216,218,214,209,213,212,205,196
145,144,157,179,195,199,202,195,175,152,178,225,235,207,198,212,232,244,242,238,232,223,211,202
152,146,156,178,197,208,208,191,164,152,189,231,233,202,189,192,213,234,242,242,233,222,210,200
153,145,150,167,185,194,188,165,141,144,185,219,218,191,179,170,179,198,215,222,217,208,198,190
151,141,139,147,160,165,156,135,116,117,148,174,175,164,168,174,169,165,173,185,187,183,178,174
148,139,133,135,138,133,127,118,104,91,99,118,127,130,143,162,161,147,139,149,158,162,162,161
147,137,130,127,124,114,112,110,103,94,95,101,109,119,134,148,149,141,134,139,146,151,153,154
147,138,129,124,120,109,104,100,100,107,112,115,120,128,137,137,130,127,133,141,147,149,149,151
149,141,131,124,123,114,101,90,92,113,127,138,144,146,143,130,115,110,122,140,148,148,146,147
150,145,133,123,124,123,116,101,95,118,140,157,165,162,146,132,131,130,127,136,141,140,140,144
153,150,136,120,115,118,124,119,112,125,151,169,176,170,154,153,159,153,136,130,131,131,137,147
158,156,141,121,107,107,118,124,121,121,133,145,152,154,154,163,165,154,134,123,121,127,142,158
163,160,147,127,106,100,107,117,122,116,111,114,123,136,152,159,154,140,126,118,117,129,151,169
164,160,151,134,111,99,101,112,120,118,110,108,117,134,152,153,144,131,121,116,118,134,158,175
