17,9,37,96,155,189,202,208,216,226,232,235,234,235,239,240,240,241,242,241,237,217,189,170
50,30,66,136,180,200,202,202,206,216,226,232,232,230,231,231,233,233,233,233,235,224,203,186
93,81,116,166,179,180,174,171,174,181,190,201,204,200,197,194,188,182,178,183,193,201,201,196
127,132,148,157,143,129,116,113,121,129,139,152,157,152,142,131,113,100,99,111,132,153,170,179
141,148,138,117,99,79,57,52,64,79,98,112,116,108,88,65,40,29,37,57,84,103,120,137
137,138,122,102,92,75,54,42,42,51,73,98,108,92,59,36,21,13,14,25,43,72,102,117
144,137,118,90,58,35,19,15,21,34,71,110,124,106,69,46,34,29,27,27,32,54,88,113
159,146,123,94,64,46,36,38,47,57,86,145,173,147,93,74,67,66,66,63,65,84,116,142
179,164,139,116,103,94,88,88,93,98,110,182,225,194,124,103,100,102,105,108,121,147,175,190
199,187,166,145,127,113,105,103,104,110,132,198,241,223,166,129,119,122,127,138,170,201,221,224
207,196,188,183,172,149,133,124,120,123,151,207,242,236,207,165,147,153,173,195,214,228,235,235
212,203,200,200,190,169,152,140,136,145,171,212,237,236,227,203,189,192,204,218,230,236,238,236
212,206,203,198,185,170,155,145,145,156,181,214,234,238,235,221,205,200,207,213,219,224,226,226
206,203,197,185,168,155,143,136,139,156,183,214,233,239,234,216,185,168,176,185,190,195,199,203
193,194,185,165,145,131,118,110,122,159,184,207,218,217,213,200,159,125,121,137,150,157,164,172
179,182,172,150,128,112,104,106,116,133,139,152,154,140,128,158,166,140,109,113,125,134,143,153
173,174,163,142,119,104,102,111,122,124,113,113,109,101,109,170,199,177,129,111,118,132,144,152
174,171,160,141,118,105,107,119,130,127,111,101,96,102,135,191,214,197,155,122,126,140,153,158
177,172,160,143,123,112,110,112,117,120,109,99,97,111,145,170,173,165,153,133,137,148,156,160
175,170,158,143,129,117,101,67,52,91,88,89,90,91,99,100,76,72,104,127,137,143,148,152
169,168,156,142,134,125,116,88,72,103,106,118,124,120,118,116,104,113,141,137,134,135,141,145
162,163,153,141,138,130,128,118,109,118,119,127,137,146,157,153,155,166,172,145,131,130,134,138
159,159,150,141,138,133,132,133,131,124,120,123,133,150,166,160,171,183,176,148,133,129,131,133
162,158,150,141,138,135,134,134,132,124,120,124,133,141,141,135,153,171,170,152,137,130,130,131
