156,144,128,120,120,122,131,149,168,179,180,177,169,158,150,137,122,108,96,81,72,67,64,62
133,133,132,128,121,114,110,112,123,145,168,173,162,141,119,94,78,75,81,83,78,69,58,52
132,137,137,129,112,96,92,98,113,138,166,172,153,119,83,59,58,70,81,82,80,72,60,51
140,134,125,110,87,69,79,99,121,148,174,176,150,106,62,51,69,84,79,66,64,61,54,48
125,104,93,83,58,45,67,89,108,141,175,181,152,102,57,55,82,84,52,39,38,33,29,31
112,92,99,103,68,59,83,110,128,143,167,174,148,99,62,59,87,88,51,44,45,40,33,32
131,117,119,123,106,98,103,116,134,150,165,167,141,96,68,64,85,92,75,69,64,55,48,48
151,145,143,143,139,127,118,124,141,157,165,162,136,96,73,69,79,88,91,90,82,73,67,65
158,157,158,158,152,137,133,142,155,163,163,158,135,99,76,73,76,84,94,102,98,91,84,79
159,159,161,159,153,148,154,163,167,165,158,153,135,103,75,74,83,93,103,112,113,107,97,89
164,167,167,165,162,163,167,172,172,163,154,153,141,113,76,68,78,97,114,123,124,116,101,87
169,174,178,177,173,173,175,175,169,158,160,159,148,120,75,63,71,92,118,129,128,116,97,82
172,178,184,186,182,176,170,168,163,148,146,145,133,105,70,62,69,92,122,133,129,113,92,75
173,179,185,188,187,175,161,159,159,140,126,123,108,82,68,67,80,106,132,136,128,110,87,70
173,179,185,188,187,173,164,164,162,145,143,136,114,88,81,79,103,131,141,137,124,104,82,66
165,174,182,186,187,175,169,168,166,159,160,151,136,117,97,99,116,134,140,133,116,95,74,60
162,170,178,183,187,179,174,171,169,166,164,155,145,131,108,106,115,125,129,122,105,85,66,55
162,169,175,179,182,180,175,172,170,162,155,145,135,121,103,99,106,116,118,109,92,75,60,52
163,167,172,175,176,174,164,160,158,146,137,125,112,98,87,81,88,104,114,98,81,66,56,51
163,165,170,173,171,163,135,117,116,117,113,104,93,86,80,60,54,82,118,99,76,61,54,52
158,162,167,171,170,159,143,132,127,127,129,119,109,99,85,65,61,87,120,102,77,59,52,50
153,157,163,169,171,165,162,158,152,146,141,130,121,114,100,81,74,89,110,99,75,58,50,48
145,150,158,166,171,171,171,169,165,160,150,140,134,129,118,96,83,85,94,89,69,54,47,44
136,145,155,163,168,171,169,165,164,166,161,157,152,145,130,103,86,82,85,79,62,50,43,39
