79,119,149,162,175,192,206,215,221,223,223,224,222,217,206,195,187,176,164,155,130,114,101,87
85,121,148,159,172,188,200,209,214,215,217,221,223,220,213,205,200,193,183,170,147,127,107,89
91,120,138,140,143,151,159,167,176,184,195,205,209,207,200,187,176,169,162,149,133,121,106,89
93,113,117,106,98,97,100,107,120,138,160,178,186,181,164,141,121,110,105,100,93,95,94,86
96,105,95,76,67,63,62,66,79,99,126,156,169,156,126,96,75,63,59,60,62,73,82,83
112,113,103,87,75,68,66,71,82,98,123,158,170,150,119,97,78,64,58,63,71,83,89,87
112,120,117,106,98,95,89,91,100,110,130,163,172,150,125,109,95,84,78,80,88,101,106,98
111,128,136,131,128,127,123,123,127,130,138,163,170,151,135,126,117,111,109,111,116,123,120,108
115,136,154,159,159,156,154,154,153,147,143,161,166,153,143,144,142,140,141,145,147,143,131,117
123,143,167,182,184,177,174,172,165,153,148,165,170,155,148,159,166,166,166,170,173,162,142,126
131,150,175,193,197,192,188,179,164,152,151,171,176,160,151,164,177,184,186,190,191,175,151,134
138,154,179,199,203,199,194,181,164,153,155,179,186,166,151,163,179,190,195,200,203,187,160,140
138,151,176,196,201,194,185,171,157,153,159,187,196,175,153,158,171,184,192,199,203,186,158,137
131,142,163,183,188,176,162,150,145,149,164,193,203,184,157,150,155,166,178,186,187,169,142,124
118,127,144,159,160,144,131,126,130,141,162,190,200,183,152,133,128,135,148,159,159,144,121,105
106,114,126,129,117,98,88,83,82,95,126,161,170,148,111,89,86,93,101,109,117,115,102,89
97,104,108,98,75,61,56,51,48,54,76,104,112,92,66,53,53,57,59,61,73,84,85,78
86,91,87,69,47,40,39,38,37,38,44,57,61,51,41,36,37,37,34,33,41,56,65,64
74,76,67,50,35,34,34,36,40,41,41,42,42,40,39,35,33,32,29,25,29,39,47,48
71,71,62,47,37,33,30,32,37,42,45,49,49,45,40,34,30,28,28,27,31,39,46,46
80,88,87,74,58,49,43,40,41,46,61,73,72,59,45,38,35,37,43,51,60,66,61,49
85,102,108,100,89,84,79,73,68,70,84,93,91,78,65,61,67,75,83,89,93,85,66,47
78,97,106,105,105,106,106,105,102,103,110,114,113,106,97,96,105,115,117,115,110,89,60,41
66,80,88,91,97,102,107,114,121,127,129,135,137,133,125,122,126,129,124,116,107,83,52,34
