128,158,178,181,180,182,183,185,194,211,219,216,216,220,217,208,206,210,212,209,211,214,216,214
137,162,178,178,178,179,178,179,185,199,209,209,209,212,208,197,195,199,204,204,209,217,220,218
139,155,165,164,160,156,157,157,161,173,190,197,196,190,179,169,172,184,195,199,204,206,205,202
135,141,148,147,135,129,132,133,129,128,147,164,160,143,134,135,145,163,182,190,196,195,186,175
134,133,138,136,119,115,120,119,102,73,80,104,101,80,93,110,119,134,155,166,182,190,179,158
149,132,123,118,107,101,102,108,99,63,47,63,68,64,96,103,97,100,116,127,141,153,159,159
165,141,116,95,73,61,59,75,85,60,58,88,90,73,99,96,75,59,60,77,102,124,142,154
177,153,124,99,77,61,55,73,85,61,85,139,133,85,103,101,82,63,59,74,98,119,138,152
184,166,145,128,115,99,90,99,98,68,116,186,170,97,106,118,114,104,101,111,128,140,150,159
189,180,169,158,144,128,121,119,107,87,151,212,191,120,106,134,141,133,131,145,162,172,174,172
182,181,178,172,165,154,144,128,114,121,183,221,208,158,124,139,156,163,165,174,181,184,183,179
175,178,175,170,166,156,146,136,134,156,205,228,224,199,163,143,150,163,169,174,178,181,186,192
170,167,164,162,161,152,143,142,153,176,215,233,233,219,194,155,142,147,153,157,161,170,184,198
166,154,151,156,156,145,139,145,160,179,214,231,228,217,204,168,140,131,136,142,147,160,177,190
156,150,149,149,141,129,126,139,159,177,201,214,212,202,197,168,137,122,127,137,148,158,166,172
148,144,138,130,118,118,120,126,139,158,179,189,185,172,163,149,133,123,121,124,134,145,153,155
143,140,130,118,111,117,123,123,124,136,150,155,148,136,134,139,138,130,122,118,120,130,140,145
141,138,129,117,112,113,119,121,120,122,128,129,124,120,126,140,142,130,116,110,110,120,132,139
140,139,133,125,114,97,95,105,116,116,117,119,121,124,129,137,131,111,91,95,107,120,131,138
142,141,139,134,120,82,52,63,96,108,111,115,118,119,121,119,100,73,59,87,114,129,136,140
154,145,140,139,133,106,74,70,95,118,124,127,133,139,139,131,111,91,89,114,130,138,140,141
174,155,143,141,139,126,107,97,106,126,131,132,137,146,148,141,129,120,122,136,141,142,142,141
200,173,150,141,140,135,128,121,120,127,130,129,132,139,145,143,140,139,141,146,147,144,141,141
221,191,160,143,141,138,135,131,127,126,125,125,127,133,140,142,144,146,148,151,149,144,141,141
