93,134,169,185,196,206,216,224,230,236,238,241,243,243,242,239,234,227,221,217,208,183,140,99
108,151,192,212,220,225,232,235,234,236,236,234,233,232,227,222,213,203,196,195,195,180,147,114
121,161,197,210,205,198,193,189,189,197,203,197,190,184,169,155,141,131,127,132,140,143,131,112
122,153,171,163,145,126,113,108,115,134,156,156,143,125,101,80,67,63,68,79,91,102,104,97
112,133,128,103,82,62,52,53,65,88,128,150,136,97,66,52,47,51,64,79,88,92,90,85
101,105,101,90,78,64,51,46,53,74,131,183,173,108,62,49,45,45,49,55,65,76,82,81
95,92,83,70,58,48,42,43,53,78,141,202,192,121,74,59,56,53,48,48,55,65,75,81
99,89,73,60,56,54,55,61,78,111,162,212,201,142,108,91,81,75,71,71,73,81,93,102
121,108,87,75,80,82,86,99,125,157,180,215,207,162,146,139,125,112,107,107,108,120,135,142
161,161,141,118,114,109,114,143,176,180,177,212,211,168,157,180,182,164,144,137,144,164,181,183
193,203,195,174,164,171,190,207,203,177,170,208,210,165,144,179,208,219,215,212,212,216,214,206
203,219,226,222,217,220,226,220,193,160,169,207,206,159,127,149,187,216,229,231,231,229,219,207
196,217,233,237,235,228,214,191,166,155,177,204,194,151,121,126,140,163,190,207,213,210,199,187
178,203,218,217,210,192,164,143,139,152,169,176,159,127,112,113,99,98,127,158,173,172,161,152
151,176,188,182,166,131,97,98,116,111,109,104,89,73,71,85,82,73,76,98,119,123,119,116
122,137,143,134,115,83,73,80,80,60,56,54,48,40,41,57,74,76,66,67,82,92,95,94
100,106,106,96,78,65,79,87,75,53,47,41,38,39,45,57,76,84,73,60,62,74,84,86
90,92,88,78,65,69,90,98,88,74,66,56,52,57,66,74,85,90,82,66,59,70,84,87
86,90,88,79,73,82,96,101,97,90,84,76,72,74,78,83,87,88,82,74,68,78,89,90
78,87,91,89,88,94,100,98,91,84,78,74,72,69,67,68,69,70,73,77,77,85,92,89
70,81,90,95,100,104,93,76,63,64,63,62,59,58,59,59,55,56,69,86,92,93,89,82
68,77,88,100,112,116,107,86,69,72,75,77,75,72,70,69,66,69,84,102,107,97,82,74
70,74,85,100,116,123,125,109,90,90,94,99,99,92,83,81,80,83,93,106,106,90,72,65
71,73,80,94,112,123,127,114,97,93,97,104,104,96,85,79,77,79,85,93,88,75,63,57
