77,59,40,32,35,53,76,97,113,123,132,138,144,151,155,155,149,130,103,89,86,90,107,132
58,50,47,47,44,41,43,54,75,100,115,126,133,135,135,126,103,74,53,54,66,73,78,84
59,59,62,64,60,51,41,38,48,70,92,112,123,123,113,96,78,65,61,69,80,88,92,93
75,71,65,62,62,60,55,48,46,56,81,109,128,129,111,94,88,90,96,101,106,112,120,128
80,64,48,40,40,42,46,48,53,67,87,119,145,152,135,121,102,87,83,84,97,101,106,117
79,63,50,45,43,41,53,56,55,69,88,120,148,157,147,128,101,77,60,50,62,74,93,117
89,82,72,65,65,67,68,65,65,77,88,119,146,156,149,138,118,96,82,73,86,93,106,127
99,101,98,92,90,90,82,76,78,85,90,116,143,154,148,144,135,123,115,112,121,127,135,147
103,110,114,112,107,101,94,89,88,89,94,116,140,153,148,146,145,143,140,140,145,153,161,166
103,110,116,116,114,110,104,96,90,89,99,119,141,154,149,147,152,156,156,155,159,165,169,169
101,108,116,121,121,114,104,93,87,90,98,122,146,157,151,146,151,159,164,167,171,174,174,170
98,106,116,123,124,114,102,92,84,81,74,97,124,135,132,142,148,156,167,173,176,177,175,170
96,104,114,121,123,114,104,92,80,68,57,73,98,109,100,128,145,155,167,175,178,178,174,169
95,100,109,118,121,116,110,98,81,65,64,74,92,102,90,123,148,160,168,175,176,176,171,164
94,96,103,112,118,120,119,111,98,86,90,102,117,129,132,150,164,170,171,173,171,169,164,156
94,93,98,106,112,117,120,117,111,109,121,129,136,144,150,160,165,169,172,174,169,164,156,147
91,90,93,99,104,110,114,115,115,117,127,134,139,146,155,160,165,169,170,171,167,161,150,141
87,87,89,92,97,102,98,93,92,97,106,116,123,128,136,142,151,160,165,165,163,156,146,137
84,84,86,89,93,98,81,64,60,70,86,98,105,107,108,115,123,139,158,159,157,150,141,136
86,84,84,88,93,103,88,71,71,93,113,121,124,125,125,114,110,126,151,156,153,146,138,133
87,84,86,89,91,100,94,86,85,95,110,119,126,133,139,137,137,143,153,155,150,144,137,133
90,87,87,89,90,94,95,93,94,100,108,113,121,134,143,150,152,153,153,153,147,140,132,127
102,96,90,88,89,91,94,96,100,108,117,122,130,141,148,154,156,154,152,149,141,133,124,114
119,108,96,89,88,91,94,98,105,114,129,143,153,158,157,159,158,155,152,144,132,125,115,101
