155,201,233,241,243,245,246,246,246,247,248,247,247,246,242,226,201,180,168,155,131,100,72,58
143,195,209,200,219,234,240,237,231,226,228,229,228,224,216,205,166,123,100,96,88,74,61,54
128,169,192,179,157,181,187,162,132,130,140,144,143,141,146,163,137,88,50,53,63,68,65,58
121,139,172,172,120,117,128,90,35,46,90,113,107,89,94,121,111,71,37,52,75,82,73,64
124,123,128,137,136,80,105,86,36,63,151,213,205,148,112,93,68,42,36,71,93,82,64,62
120,101,75,64,71,51,57,52,48,81,116,193,230,197,135,70,47,40,40,81,58,46,54,63
100,86,67,57,55,48,46,45,50,73,142,215,250,234,184,82,45,45,48,66,53,48,54,61
108,127,142,140,125,106,98,101,110,127,192,239,255,249,217,127,86,82,84,85,94,86,75,76
152,198,232,235,218,193,183,189,198,202,228,247,254,248,223,160,146,155,155,155,165,150,130,127
204,227,242,244,247,245,243,244,230,198,233,250,254,249,222,138,168,224,232,233,224,215,208,203
216,230,242,246,247,249,248,236,202,157,227,252,253,250,227,121,119,169,201,216,212,197,189,192
195,222,243,247,244,239,222,180,146,168,226,246,249,246,220,130,94,119,166,183,187,184,175,163
159,197,225,225,210,197,172,129,114,167,166,169,173,169,146,103,76,84,115,127,135,142,137,122
122,152,179,182,163,151,131,120,124,125,71,59,62,57,46,51,58,63,66,70,77,81,82,83
87,100,119,140,156,154,144,162,162,85,45,38,38,35,35,45,61,67,62,63,62,63,64,64
73,77,88,112,148,151,164,199,209,147,78,46,36,37,45,56,79,85,68,61,57,57,58,59
70,72,80,107,151,162,183,211,219,179,103,63,50,49,55,63,93,105,85,66,58,57,57,58
71,77,86,115,162,159,156,162,173,170,125,91,72,63,61,65,85,93,81,69,62,59,59,58
73,83,95,121,157,122,84,73,95,126,123,100,77,62,53,55,53,50,52,64,64,61,59,59
70,82,97,107,101,63,39,38,47,47,41,34,29,26,21,23,23,26,37,54,61,61,58,57
69,80,90,91,76,44,28,33,46,54,51,40,31,29,31,35,38,41,47,57,61,60,57,56
65,72,77,75,68,63,85,104,105,95,94,82,65,52,51,53,60,65,64,60,58,56,55,56
63,65,67,67,72,100,156,178,151,109,99,89,74,60,56,60,71,79,76,62,55,52,53,57
62,63,64,65,78,127,184,189,140,81,57,47,43,43,47,56,71,82,79,62,54,51,53,58
