108,112,125,139,142,141,151,166,181,193,206,211,209,206,205,202,200,198,195,193,195,196,193,186
125,124,130,138,138,130,133,146,161,175,192,199,197,193,189,182,177,174,173,179,190,196,193,188
128,120,115,114,107,91,85,93,110,130,160,174,180,180,171,153,139,130,125,133,150,166,173,173
110,93,80,75,68,53,43,44,55,77,115,142,163,173,157,126,102,86,76,82,101,125,141,144
82,57,43,43,42,42,38,31,29,38,68,110,153,173,148,107,77,58,51,58,79,103,116,115
62,41,28,27,26,28,33,31,23,19,38,102,165,182,137,83,54,42,38,44,67,89,99,94
50,32,21,22,22,22,40,44,28,15,40,127,202,208,143,77,48,43,41,31,42,59,70,71
53,39,28,28,35,37,52,51,31,22,63,158,229,228,163,94,61,57,60,49,57,67,72,72
77,69,56,49,53,57,58,48,36,43,92,174,233,234,186,127,90,79,82,84,97,104,104,103
118,118,106,86,69,65,61,57,60,82,114,170,218,231,201,166,133,111,104,105,113,125,138,148
152,157,159,150,134,124,119,117,121,130,135,169,211,230,208,199,188,175,163,154,151,159,171,180
177,185,195,199,196,191,184,172,158,149,156,182,214,230,216,209,210,213,213,208,205,206,207,206
187,193,203,212,217,213,193,164,144,150,168,194,219,229,218,205,199,206,223,232,235,234,228,221
176,176,183,191,192,178,140,103,97,136,160,191,216,223,210,195,173,168,187,213,226,229,225,220
147,141,147,156,151,124,82,59,68,100,122,163,197,204,188,178,158,135,130,166,194,207,206,202
117,104,106,115,106,82,67,60,53,47,66,112,151,158,138,131,140,134,111,115,146,170,178,177
98,87,83,80,67,59,72,75,56,30,37,67,94,104,103,115,142,148,124,103,112,133,149,151
88,82,74,62,46,47,69,76,61,39,39,50,61,73,95,122,150,157,138,111,102,110,124,132
82,79,74,62,44,36,48,57,54,48,52,57,61,71,99,123,141,144,128,109,107,106,111,122
76,72,78,77,53,33,31,35,39,42,51,58,65,74,89,100,109,109,98,86,99,106,111,120
72,61,74,92,82,64,52,48,51,57,64,72,84,100,110,110,112,117,118,111,120,119,117,121
72,56,65,89,98,93,82,71,65,65,68,73,84,102,120,130,140,149,151,143,137,127,120,123
65,52,54,73,92,101,102,94,82,75,76,82,92,109,131,151,167,175,171,157,140,126,121,123
50,46,47,57,75,91,106,109,102,93,96,106,121,137,150,165,176,179,171,152,132,121,119,122
