78,84,89,92,96,105,115,126,138,147,154,157,158,156,153,145,130,109,86,67,54,46,41,37
68,76,78,76,79,90,99,110,126,139,150,160,164,161,159,151,135,113,89,65,50,41,36,34
55,59,58,55,56,62,66,75,91,111,132,154,164,161,153,137,117,95,73,51,39,32,28,28
48,48,50,53,54,51,48,51,63,84,111,140,154,149,135,109,85,65,49,38,33,30,27,26
51,59,70,78,82,75,65,61,68,82,104,129,140,132,114,87,64,49,43,45,47,44,39,35
65,77,86,91,96,90,81,77,83,93,107,127,134,124,104,85,75,71,70,69,70,67,59,52
76,78,81,84,86,68,62,70,86,98,111,128,135,126,103,89,91,92,79,60,58,60,59,59
81,78,78,84,86,57,56,76,96,103,113,129,139,130,106,95,105,106,83,52,52,56,59,62
86,84,86,95,101,76,79,98,112,111,116,130,141,134,111,101,112,115,93,65,65,67,67,69
93,96,99,105,113,109,110,117,124,121,118,130,141,137,117,108,116,119,108,95,89,85,83,82
102,110,115,120,127,129,128,131,132,125,120,131,143,141,124,111,117,126,124,117,111,107,102,96
108,119,129,135,139,141,140,139,134,124,122,132,143,142,127,111,116,129,135,134,129,124,116,107
112,123,136,144,148,149,148,143,131,120,120,132,143,144,129,110,110,124,139,143,143,137,127,117
116,124,138,149,154,155,152,142,127,116,120,135,147,147,135,114,105,115,134,145,149,145,135,124
118,128,143,155,160,159,152,137,121,118,126,141,153,153,142,119,106,108,122,140,148,146,135,124
115,127,143,155,158,156,143,126,115,114,120,134,143,140,124,104,96,97,105,125,136,136,126,113
104,117,133,143,145,141,131,118,105,99,103,111,116,111,92,76,79,89,97,109,117,116,107,95
88,103,117,124,125,124,122,114,101,87,87,91,94,89,71,60,69,84,93,96,97,95,87,77
74,89,101,103,103,110,112,109,99,83,78,80,84,81,68,60,66,78,84,80,79,79,73,64
63,80,90,88,84,91,93,89,80,70,71,72,74,72,62,55,55,60,62,57,59,67,66,54
54,73,81,72,64,71,77,79,79,83,90,92,91,89,83,74,68,62,56,48,50,58,57,44
44,65,75,67,58,61,72,81,89,98,106,106,102,98,94,87,76,64,54,51,54,55,48,36
38,57,69,68,63,65,78,92,104,114,118,116,111,106,104,99,85,69,59,61,60,52,39,29
36,52,65,69,68,73,87,104,118,126,129,127,123,120,118,114,98,80,70,68,60,47,33,24
