49,63,82,98,112,131,147,161,174,186,191,194,193,189,187,187,184,176,166,156,149,138,119,98
66,68,76,87,100,120,138,152,166,180,190,195,194,191,191,193,189,181,170,157,151,143,128,112
78,63,54,56,64,77,92,111,132,154,175,189,190,184,183,183,181,174,165,152,148,143,130,116
77,53,38,38,38,38,43,57,81,111,146,167,169,159,152,143,139,134,129,126,129,130,122,109
69,49,45,53,47,37,27,26,39,68,111,136,138,123,105,81,68,64,64,75,89,104,109,101
62,47,42,41,31,24,22,22,26,45,90,128,137,113,76,47,34,33,37,44,52,67,83,89
62,50,41,36,26,15,33,41,33,40,90,141,149,110,62,36,23,23,34,46,54,58,66,76
73,76,73,64,55,42,59,63,49,49,94,145,151,110,66,49,30,19,24,37,48,55,62,71
90,112,121,113,105,97,97,86,68,63,99,138,143,114,86,76,54,36,33,38,48,62,74,79
103,132,150,149,146,144,137,113,84,77,108,136,139,124,112,103,98,96,97,96,96,96,97,96
112,141,160,163,163,165,155,124,90,84,114,147,154,139,135,141,147,149,149,150,143,130,117,109
112,135,156,166,168,167,159,127,93,94,119,162,174,153,145,164,180,186,185,184,166,145,127,117
107,123,147,165,168,159,152,124,94,100,113,153,167,149,145,171,193,202,202,198,176,152,133,122
100,111,137,161,166,152,143,116,88,88,87,114,125,117,131,166,189,199,203,201,182,157,134,121
92,101,125,149,158,153,142,110,72,59,48,68,75,71,103,153,175,186,197,197,183,158,131,114
84,89,110,133,144,148,140,116,89,77,69,72,78,86,108,145,156,162,175,182,173,148,122,107
77,78,94,116,129,132,127,117,110,109,109,110,114,119,124,135,137,139,149,162,157,135,111,100
73,70,81,100,112,110,110,113,119,124,129,130,129,128,127,125,123,125,132,147,143,123,104,97
73,67,74,87,94,90,90,95,101,106,111,114,111,104,103,103,110,120,129,140,132,116,103,100
74,67,70,81,83,77,61,47,45,56,73,95,100,83,59,57,85,116,132,136,125,113,106,106
78,67,67,77,81,75,51,32,28,40,49,61,65,56,42,57,93,126,138,132,119,116,123,133
82,68,64,73,82,86,72,59,59,72,80,80,76,70,67,98,127,143,142,127,116,121,139,155
72,63,61,67,79,93,94,90,93,106,120,122,114,104,103,136,154,152,139,121,114,127,148,157
52,55,57,61,74,89,94,94,96,107,129,141,136,123,119,144,155,148,132,117,112,131,147,144
