65,70,78,87,93,98,104,110,112,107,108,109,110,109,109,107,101,94,87,81,74,61,46,34
70,73,82,92,98,99,101,105,108,108,108,109,110,109,106,102,96,91,86,82,75,60,45,37
71,72,76,84,91,94,94,96,100,103,105,107,106,102,98,95,92,89,87,84,77,61,46,39
68,62,59,62,67,71,70,71,78,88,96,99,96,87,79,75,74,77,79,76,71,58,45,40
67,52,41,39,37,34,27,29,45,68,85,90,83,67,51,39,39,46,53,51,49,44,40,40
74,65,51,37,30,26,23,30,45,63,90,96,76,45,33,36,31,26,28,32,31,32,35,39
76,69,60,53,49,42,39,40,47,63,93,100,75,40,36,45,43,31,21,22,23,34,44,43
77,75,72,70,68,63,59,54,55,68,93,99,75,45,49,58,61,54,40,37,36,47,53,46
78,82,84,84,82,82,77,72,70,75,92,94,74,53,60,67,73,72,66,63,61,62,57,46
76,81,89,95,98,97,95,91,83,79,90,90,73,57,63,72,74,73,74,77,77,71,57,44
75,82,89,95,103,106,103,94,83,81,91,86,72,62,68,81,88,91,92,89,79,69,56,43
77,81,87,94,101,107,101,88,78,83,95,89,72,60,65,82,94,99,98,89,74,62,52,43
80,81,85,91,96,99,90,77,73,84,98,91,73,58,59,68,84,95,93,82,67,57,50,43
80,81,84,88,90,84,77,71,70,81,97,92,73,55,51,48,66,83,83,74,62,55,50,44
81,82,84,85,82,71,75,74,68,72,93,93,70,46,41,45,56,69,76,67,58,54,50,45
83,83,85,82,70,70,71,70,67,68,73,68,53,41,47,51,54,62,70,67,61,58,52,43
91,85,85,81,66,65,66,69,72,74,73,70,63,57,57,52,48,56,71,77,68,60,50,39
115,95,85,81,67,64,57,62,74,77,77,75,72,66,58,42,42,58,77,86,71,56,50,52
154,112,88,83,72,73,53,53,67,69,72,69,62,54,50,35,46,69,83,86,68,49,59,91
197,134,93,87,85,85,76,65,57,54,68,68,55,44,50,54,67,81,86,75,62,47,76,144
217,153,102,90,92,89,84,77,73,74,81,81,76,71,64,60,71,85,84,58,51,44,86,167
226,156,104,91,91,90,88,83,80,81,81,80,80,77,67,63,73,77,66,49,48,44,78,143
216,146,98,88,87,88,89,87,82,79,76,74,73,71,66,72,74,64,49,47,48,46,64,102
192,132,90,83,86,84,89,91,87,83,78,73,72,73,70,82,72,55,45,47,46,46,59,79
