195,205,215,222,230,238,246,250,246,234,219,211,211,218,226,231,230,224,214,201,184,162,140,127
183,206,223,228,232,235,241,243,240,232,220,214,214,219,225,227,224,217,210,200,187,166,142,126
173,199,215,216,216,212,214,217,215,208,205,203,203,204,201,197,189,176,164,157,148,142,131,120
155,169,175,171,164,151,150,158,165,166,173,175,174,169,156,142,125,109,99,98,97,104,110,106
124,123,119,110,95,72,66,79,103,121,137,144,142,131,110,83,60,49,54,70,79,86,91,93
114,121,127,125,112,80,62,62,74,92,120,148,151,125,85,58,42,39,47,65,81,95,100,96
112,114,96,68,50,45,42,43,53,78,133,193,208,162,82,44,36,31,23,33,43,62,83,96
101,84,58,32,19,45,54,54,63,96,159,225,246,200,109,65,60,56,41,48,53,59,74,93
99,77,70,71,66,93,96,94,109,145,187,231,249,219,149,110,99,96,91,101,106,96,91,101
130,140,153,157,149,141,131,143,174,201,210,231,243,223,169,147,126,115,122,132,134,132,130,129
166,168,160,145,136,141,174,209,227,225,216,229,241,225,173,169,172,167,156,151,160,173,173,158
191,209,214,207,204,209,229,243,240,224,216,229,241,228,180,173,191,205,203,200,204,203,188,168
197,225,246,254,255,253,241,223,212,217,218,233,243,231,191,170,175,193,212,224,225,210,185,164
188,211,233,242,239,225,195,170,175,211,215,228,233,218,190,163,145,149,173,199,206,194,172,154
178,200,217,216,197,158,131,135,167,198,189,188,185,169,149,146,138,127,126,149,164,165,155,143
159,178,185,169,137,102,116,144,149,118,96,96,103,101,84,90,114,120,103,108,125,135,135,129
139,152,149,122,88,91,135,165,150,97,63,48,48,54,56,73,109,127,109,80,87,106,117,116
124,131,116,84,68,104,148,167,151,113,80,53,40,44,59,79,110,128,114,71,63,83,102,104
113,118,93,64,70,103,125,136,134,120,101,81,66,61,69,83,99,105,93,68,61,76,93,94
104,108,89,64,59,59,70,84,94,96,92,89,83,74,70,71,69,58,47,48,77,91,90,87
94,103,103,92,77,62,51,61,82,90,87,81,75,71,71,68,56,58,77,86,104,98,83,79
85,94,107,115,114,118,107,103,110,119,116,105,96,93,94,89,82,90,112,116,111,93,75,66
80,87,101,120,139,165,166,151,141,145,142,131,120,116,114,109,111,118,126,123,103,84,65,49
81,85,94,112,138,163,169,157,143,140,138,130,122,117,113,110,114,121,124,118,96,77,56,35
