54,65,74,78,82,96,105,118,142,173,198,213,216,212,205,185,152,122,108,104,104,106,91,60
76,87,93,95,99,110,119,133,156,188,209,218,216,201,178,157,132,112,103,101,101,104,93,69
94,98,99,99,103,109,118,130,151,182,203,212,206,183,152,136,125,123,129,138,139,134,113,86
100,98,98,102,106,110,114,121,137,162,182,194,189,167,143,136,139,151,171,186,189,177,145,107
104,106,113,122,129,132,131,133,141,154,169,181,178,164,154,152,156,168,186,195,196,194,168,126
117,125,135,138,136,143,150,155,162,173,191,207,203,186,177,163,148,145,154,159,160,168,164,143
127,137,142,138,129,133,147,164,174,174,191,208,210,200,200,185,166,162,175,180,176,180,173,152
136,142,144,142,140,144,161,183,188,167,182,206,208,195,206,205,197,198,208,211,207,206,190,162
147,150,155,161,171,178,191,201,191,161,180,213,211,186,195,213,222,225,227,227,227,226,208,179
163,171,183,193,200,206,207,193,170,159,192,225,222,193,184,211,228,233,233,233,233,233,219,196
176,186,202,216,223,227,219,189,161,168,204,231,231,209,187,206,225,234,234,234,235,235,225,209
183,191,206,221,230,233,222,187,157,173,209,233,237,221,195,199,214,226,228,228,228,228,223,215
178,180,190,205,217,223,211,179,157,180,213,235,240,229,210,202,208,216,217,217,217,218,218,216
165,158,162,177,193,202,190,167,158,187,210,227,232,227,220,211,207,206,206,209,211,215,217,219
155,148,148,159,177,185,171,155,157,180,187,198,204,203,205,204,196,192,199,207,217,223,225,224
162,170,180,191,201,198,175,150,139,144,143,148,151,153,161,169,180,192,197,191,200,210,215,214
154,175,193,201,198,188,173,154,141,141,142,142,145,156,172,181,193,202,200,184,176,182,194,200
139,163,182,183,172,164,163,160,157,162,165,164,168,181,196,199,201,202,195,178,162,166,181,193
129,149,162,158,145,144,150,155,161,170,174,175,179,186,192,189,183,177,173,168,165,173,186,196
126,144,157,154,142,135,134,135,136,137,140,147,155,164,171,167,153,141,144,162,182,197,203,202
115,140,158,163,167,156,144,130,122,128,149,175,193,200,201,187,164,153,166,191,208,214,211,204
110,140,159,167,180,175,163,145,129,132,153,183,205,213,212,195,177,176,195,217,224,221,210,200
101,137,158,164,176,181,177,163,146,138,151,173,192,199,198,182,175,184,198,202,198,189,175,161
85,128,155,159,167,176,179,171,155,142,150,169,183,187,182,165,165,174,176,158,144,132,116,101
