64,120,168,185,187,192,198,205,212,216,224,230,232,230,228,222,214,207,206,214,221,223,192,136
93,155,204,219,218,216,216,218,220,222,226,229,227,218,202,179,161,155,164,182,199,214,197,153
121,177,211,206,189,175,169,175,191,206,215,220,215,195,162,132,124,134,153,175,191,209,200,166
130,166,180,163,137,119,110,118,142,171,193,208,205,180,140,113,114,132,155,177,194,210,202,172
122,136,143,140,134,123,112,108,114,135,176,204,207,186,152,118,99,101,121,152,184,211,208,179
120,117,122,128,122,107,97,91,92,109,170,213,221,194,143,89,62,60,78,118,164,204,211,187
122,105,90,81,72,62,65,71,81,107,176,224,233,208,163,115,98,103,122,158,191,219,219,197
139,120,96,81,78,76,88,101,114,138,196,234,241,223,194,163,154,162,178,202,219,231,226,207
165,161,147,135,134,135,148,162,172,184,219,242,245,235,222,205,198,201,210,221,230,235,229,215
186,206,208,190,174,171,182,197,210,219,232,244,247,242,237,231,227,226,227,231,236,239,233,222
197,221,232,224,210,206,213,224,231,234,238,245,247,244,242,240,237,235,236,237,240,241,237,230
202,225,240,240,235,231,231,230,228,233,240,247,249,246,243,237,231,229,233,236,239,239,237,234
201,224,240,243,242,238,229,217,215,230,241,247,248,246,243,236,221,211,212,221,227,230,232,231
195,217,233,236,233,225,208,194,199,224,230,235,236,235,235,232,215,192,179,188,202,214,221,223
182,201,214,215,210,198,175,170,183,193,188,196,205,205,202,213,211,185,150,141,165,190,206,212
164,172,176,175,171,159,136,132,134,113,102,120,141,148,147,182,206,199,162,118,123,158,192,204
151,143,133,128,125,113,101,112,120,88,65,71,95,126,158,195,218,217,189,140,125,152,189,204
142,126,106,95,92,79,82,116,143,115,82,78,102,144,188,209,212,204,185,157,148,169,197,210
135,123,103,89,84,70,78,121,159,142,111,113,138,165,182,181,168,154,148,154,172,193,209,215
133,124,110,103,105,86,71,84,106,101,90,102,122,136,140,125,108,112,140,176,194,208,217,219
122,120,116,118,129,119,81,53,47,50,61,93,126,146,152,133,133,156,189,209,213,215,217,217
119,116,115,121,134,139,109,77,65,72,81,105,129,146,161,162,176,199,221,227,225,221,216,211
107,107,108,115,126,140,132,119,115,122,125,133,139,144,159,174,191,205,213,214,209,203,194,183
85,94,102,108,117,131,136,135,134,140,148,155,156,153,157,164,176,185,186,185,173,165,155,142
