66,62,65,72,76,80,87,96,104,110,115,113,110,111,118,125,129,131,131,126,121,114,107,101
66,63,64,67,66,66,75,84,89,90,103,108,109,109,107,106,107,110,110,105,109,113,110,104
66,63,59,57,57,70,60,55,61,70,84,95,98,93,78,70,66,66,68,71,81,88,96,103
59,58,53,49,57,92,57,32,41,54,61,65,66,61,53,57,55,46,40,50,56,66,78,85
44,52,50,46,60,104,64,35,40,40,37,31,28,33,51,84,93,73,47,53,54,70,72,50
56,70,64,46,42,54,46,37,33,34,37,61,67,52,53,77,77,56,34,39,49,60,56,38
66,80,70,49,47,49,53,49,41,40,43,77,92,76,60,59,58,55,52,54,50,51,50,42
78,85,73,59,64,65,67,62,53,47,50,80,100,91,67,62,63,69,75,74,66,68,67,56
88,83,73,69,77,79,77,70,60,49,57,80,101,101,75,82,86,88,90,90,89,96,91,70
89,74,66,69,76,79,79,70,57,48,62,85,108,114,87,94,99,99,98,104,102,102,93,75
87,78,70,68,68,71,71,63,52,51,65,89,111,116,96,75,81,94,98,99,94,90,89,89
93,81,70,67,72,72,62,52,49,50,58,80,98,98,85,69,63,70,83,90,99,99,96,96
101,83,70,69,71,67,56,48,44,40,43,58,69,68,63,73,70,66,72,84,96,100,97,96
104,81,69,68,59,55,54,50,41,33,34,40,49,55,56,83,92,82,70,78,81,83,87,93
102,70,57,57,47,49,50,50,47,43,47,55,68,80,89,95,91,79,68,72,68,71,82,93
103,72,53,48,42,44,45,47,51,56,67,73,79,88,92,89,85,80,74,66,66,71,82,92
96,72,54,48,42,33,32,36,41,48,59,67,72,74,76,72,66,61,59,66,68,76,86,91
83,69,55,52,52,33,25,27,34,41,52,61,63,58,55,50,48,49,56,74,73,81,89,87
79,65,51,54,68,48,32,29,37,47,61,65,61,52,44,42,48,61,76,86,76,82,88,79
113,72,45,50,67,58,46,39,40,47,53,58,57,54,58,67,76,84,90,88,77,79,81,72
176,88,41,47,56,58,53,44,38,45,56,62,65,66,65,69,84,94,90,80,79,77,71,64
211,100,40,44,46,54,54,47,41,41,45,47,52,58,65,74,87,92,86,74,79,70,77,108
187,91,39,41,42,49,53,53,52,48,44,44,49,59,72,85,90,89,82,74,75,63,80,132
131,68,35,39,41,46,53,60,66,66,66,68,73,81,87,93,94,89,81,78,70,60,69,96
