88,144,149,115,103,104,114,123,129,131,133,136,139,143,146,147,149,150,148,147,142,128,94,52
115,150,146,111,92,89,100,111,117,122,127,131,134,136,134,126,119,112,108,112,129,129,107,82
147,165,149,110,86,78,80,84,91,102,114,124,128,123,108,95,89,88,89,97,112,118,113,105
167,182,171,133,96,75,62,61,68,78,100,119,125,113,90,78,73,74,83,95,99,105,112,115
174,190,198,171,109,68,52,54,60,61,87,118,129,115,94,85,65,51,57,75,92,105,115,123
171,171,156,121,71,41,38,48,55,52,79,121,136,115,90,81,59,41,45,68,79,105,129,134
165,139,111,87,65,54,60,67,64,56,80,122,139,123,102,92,79,71,77,97,111,130,142,140
171,131,102,92,83,82,87,84,73,66,84,122,141,131,120,109,106,109,118,130,140,149,149,141
185,144,118,113,107,106,104,94,81,76,86,121,140,135,133,128,126,132,141,145,149,152,148,137
199,155,123,116,119,118,114,104,90,78,87,121,138,132,136,144,141,138,141,145,151,150,140,129
211,164,126,114,117,120,119,108,89,76,96,125,136,128,131,144,147,145,145,144,145,140,129,119
219,188,145,115,112,118,118,104,84,80,107,131,138,130,120,134,143,147,146,142,138,129,119,112
222,207,169,128,110,114,113,94,80,98,131,134,127,121,112,121,134,142,143,138,131,122,113,107
216,211,187,149,114,111,105,86,75,103,135,125,106,102,110,114,125,133,135,131,126,120,111,103
195,206,199,167,127,107,100,88,72,64,70,96,102,93,114,122,123,124,127,125,122,119,111,100
156,194,208,181,137,109,100,95,86,79,85,105,117,119,126,132,126,121,124,122,121,118,109,97
111,183,216,188,143,109,98,96,93,87,98,109,121,132,135,139,133,125,122,121,119,116,105,89
67,173,223,194,150,107,99,99,94,86,95,105,115,125,133,136,132,125,121,121,118,115,98,73
34,157,222,200,158,107,101,97,85,79,81,94,101,102,112,117,118,118,120,121,119,114,88,50
23,127,198,197,160,111,87,70,55,52,61,71,76,76,74,82,96,112,122,121,119,110,76,31
20,93,168,184,141,106,86,74,67,66,74,82,87,89,91,101,106,112,120,118,116,100,62,20
19,54,118,147,105,88,84,80,77,76,76,79,83,92,104,113,116,117,118,115,110,84,45,17
18,39,81,101,75,72,78,83,84,87,85,84,89,100,113,118,121,119,114,109,98,66,32,16
19,57,78,74,67,67,73,83,96,107,109,112,117,123,127,126,121,115,109,104,85,55,27,16
