179,202,222,231,231,222,205,180,154,133,122,119,130,154,179,199,217,228,232,229,215,197,178,164
178,205,227,235,234,226,210,187,164,147,139,136,142,159,182,201,219,231,235,234,226,208,187,174
187,214,231,229,218,204,191,174,158,149,147,146,148,152,161,172,183,191,197,206,217,216,204,191
202,221,216,190,165,141,130,122,117,122,129,133,131,122,113,110,111,115,123,143,172,197,206,203
212,213,175,121,85,59,46,45,54,74,95,110,104,81,62,46,40,43,54,75,106,149,185,200
212,192,137,82,57,41,34,35,43,58,102,144,130,77,56,43,35,34,42,57,83,129,175,198
214,186,121,62,45,30,28,33,39,55,129,196,174,92,57,40,35,30,29,51,70,115,168,199
216,186,133,89,71,50,45,44,45,64,157,227,205,119,67,46,42,41,45,70,97,138,182,208
221,196,168,143,114,84,69,65,72,102,186,236,221,159,104,79,71,73,85,112,154,190,212,223
232,224,211,185,141,103,86,94,127,175,219,244,238,208,177,148,129,122,132,166,206,229,238,240
243,242,241,235,217,194,186,193,207,221,240,248,243,231,223,216,213,216,223,234,243,247,249,248
249,250,250,249,246,238,234,235,237,237,245,248,243,237,239,233,229,234,246,248,248,248,248,248
248,249,246,242,241,236,225,227,233,227,223,223,217,211,217,215,205,202,213,226,234,236,236,237
237,238,231,221,211,196,182,189,196,173,164,165,160,151,156,177,178,163,153,177,197,207,212,214
216,214,201,179,152,123,135,143,119,73,78,90,90,82,87,137,168,145,93,97,130,160,178,187
195,188,161,124,96,86,128,151,130,84,65,64,69,79,105,155,181,153,92,68,86,123,153,164
177,168,134,93,71,79,133,169,167,146,115,88,90,121,160,188,196,165,108,70,70,106,140,146
164,152,121,87,68,77,126,163,172,168,144,111,108,136,164,171,164,136,95,69,72,107,134,130
159,141,119,98,77,69,91,114,125,123,119,107,105,114,120,116,96,71,55,62,90,120,130,120
164,141,126,117,99,66,38,35,56,85,101,105,117,135,139,125,81,50,58,93,129,138,130,123
179,155,135,132,135,116,86,59,65,118,156,168,170,162,128,119,108,114,140,153,154,144,134,132
196,176,153,144,154,159,153,128,111,134,149,154,161,165,151,151,156,172,190,178,161,147,142,145
217,200,171,151,156,174,188,175,151,145,141,141,152,170,180,179,185,197,199,178,159,149,151,158
234,216,181,152,154,169,184,177,163,170,184,189,192,191,179,170,181,196,196,175,158,152,157,166
