86,143,183,191,192,194,207,217,223,233,240,247,252,253,253,251,247,242,234,223,207,189,154,111
93,168,215,221,226,231,236,239,240,246,248,251,253,253,251,245,237,227,217,206,197,185,154,112
105,184,231,234,239,244,248,250,251,254,253,253,248,234,210,182,162,155,155,153,146,147,135,108
114,183,216,205,200,200,206,216,230,243,249,248,231,196,145,100,80,85,102,113,109,112,112,103
115,171,181,149,128,118,121,140,174,212,234,234,204,151,94,64,66,90,118,135,131,114,100,97
115,142,141,120,108,99,94,99,122,167,215,221,176,113,82,73,92,131,167,164,120,85,77,86
89,116,136,142,146,161,171,156,130,130,174,176,145,112,104,87,83,120,176,180,109,53,41,55
83,118,143,145,146,176,215,207,155,109,134,132,126,129,124,100,76,94,142,142,87,39,32,55
100,136,146,126,113,140,193,203,157,106,136,132,129,140,135,114,90,88,105,95,77,54,55,84
112,145,148,126,115,127,158,162,135,121,196,192,152,133,152,139,125,118,114,113,112,94,89,109
127,156,163,145,132,137,149,155,148,146,218,226,177,138,177,186,176,162,155,157,158,136,123,137
143,168,181,175,164,169,184,184,172,177,231,241,200,156,173,203,212,208,203,199,193,166,149,160
155,180,200,204,201,206,218,202,181,203,240,245,218,183,172,188,205,217,222,215,200,179,168,173
159,190,213,220,221,223,216,192,181,220,244,243,227,205,180,162,167,186,202,205,193,185,181,175
155,193,214,212,209,203,183,176,192,217,235,230,211,189,171,151,146,152,166,197,204,198,181,163
143,188,218,222,221,216,200,169,141,141,166,152,112,83,101,148,169,164,160,192,207,195,165,138
121,173,215,229,229,216,191,142,85,56,68,59,35,19,38,80,98,95,96,136,172,166,133,108
100,149,196,216,210,170,128,81,37,10,17,25,18,5,7,16,19,19,27,66,123,130,104,84
85,124,164,181,165,93,42,17,11,18,44,67,60,31,21,13,10,9,13,36,95,110,91,76
73,107,138,148,127,51,19,16,29,57,97,124,122,101,82,58,53,57,62,70,112,116,94,80
71,98,126,140,137,93,79,81,91,112,145,167,174,169,154,139,137,138,133,126,138,127,99,80
63,89,118,139,152,148,148,151,154,155,159,160,163,170,176,181,182,177,165,154,144,122,93,71
59,83,110,132,152,170,176,182,186,182,168,155,152,162,179,187,182,168,152,142,122,100,75,55
64,81,102,121,141,157,163,172,184,194,190,182,181,189,195,184,165,144,125,114,92,75,58,42
