16,19,22,26,37,59,95,128,148,157,160,161,156,142,116,82,51,30,20,16,14,15,20,25
17,18,20,26,41,63,100,132,150,160,164,163,158,146,124,91,57,33,21,17,15,15,16,19
17,19,25,39,59,76,97,116,131,147,160,164,160,149,131,103,70,46,33,26,21,18,18,18
23,30,49,75,99,110,110,111,119,137,154,163,160,149,133,114,91,71,58,46,35,29,27,27
41,59,92,126,149,153,145,137,138,145,157,164,162,151,135,124,114,101,85,66,51,45,44,42
68,99,128,139,136,125,113,113,125,143,159,173,176,167,151,138,123,107,89,64,52,56,64,65
101,120,126,117,106,91,77,84,108,137,164,184,195,193,175,159,141,128,117,100,97,106,112,109
137,143,139,129,123,109,99,104,126,151,175,192,205,209,192,179,166,156,150,143,144,151,152,146
167,172,172,171,172,163,156,157,166,179,188,195,206,212,197,192,188,184,178,176,176,178,177,171
186,193,199,200,199,194,189,187,191,199,198,198,207,215,200,197,201,204,202,200,200,202,201,195
199,207,219,225,222,221,220,218,217,216,206,202,210,216,202,197,205,214,219,220,220,223,222,216
206,213,229,239,237,236,238,234,225,218,204,200,210,216,201,193,198,209,218,222,226,230,230,225
204,211,227,242,245,240,240,233,218,203,190,194,208,215,202,188,184,190,202,213,220,224,224,221
194,203,218,236,247,235,230,219,199,179,175,188,205,213,203,185,170,167,178,197,206,210,210,208
181,194,210,226,237,225,217,198,173,165,173,186,199,205,197,181,166,155,156,178,190,195,195,192
165,182,198,209,215,208,196,171,152,156,161,164,168,171,166,155,154,155,156,165,173,178,179,177
153,171,186,193,195,189,170,151,144,154,152,145,140,141,145,145,155,163,162,158,156,159,162,162
143,162,176,179,178,170,150,140,146,159,157,151,144,143,150,155,163,167,161,148,141,143,149,152
134,156,168,167,165,157,140,134,145,162,168,170,170,167,167,167,163,156,145,131,127,135,145,149
133,155,166,164,162,152,133,122,129,146,154,160,162,162,160,154,144,128,112,107,118,135,147,152
127,154,169,168,165,151,121,97,94,116,139,161,170,168,164,153,133,112,102,116,133,147,153,153
120,150,168,169,168,156,132,105,91,101,126,154,170,172,169,157,135,121,124,143,154,158,155,148
113,142,161,166,167,162,152,136,119,114,128,147,161,166,165,156,141,135,143,151,152,148,139,128
109,133,154,162,164,163,163,158,148,140,142,147,153,156,155,151,144,139,137,135,128,123,114,102
