127,124,120,119,125,131,142,154,169,183,183,171,178,194,177,163,149,138,130,119,110,94,76,67
117,106,97,93,92,91,110,129,145,163,163,148,151,168,160,148,128,105,91,95,103,95,76,61
102,96,100,111,114,99,97,101,111,131,142,144,150,154,135,116,101,94,96,113,122,113,90,67
94,102,121,137,136,116,98,91,97,108,128,153,167,154,114,97,94,99,111,123,125,115,96,80
99,116,125,114,91,81,88,103,113,110,117,149,168,150,102,112,112,100,87,74,84,83,80,87
103,106,102,95,92,82,107,118,117,132,116,132,153,145,100,117,130,134,129,112,109,100,95,104
130,120,114,119,131,143,146,137,128,132,114,123,147,147,100,115,134,151,162,157,141,121,113,118
154,139,136,146,159,175,163,148,139,131,113,119,140,143,100,104,129,151,164,169,155,135,123,124
161,151,152,162,169,169,160,156,150,132,114,115,133,140,105,92,117,144,153,161,155,140,126,123
155,157,161,170,180,173,169,171,162,126,111,111,132,151,124,87,106,143,161,167,159,142,126,120
143,148,152,160,173,176,182,180,159,120,108,112,132,149,134,92,106,143,165,163,151,136,123,118
133,136,140,149,167,180,186,180,155,115,108,113,132,152,144,101,106,141,166,163,150,132,117,111
126,126,128,138,159,179,181,170,146,114,114,113,128,151,148,103,97,127,160,161,147,128,113,106
121,121,123,131,149,170,167,153,135,117,118,111,117,134,134,95,83,108,144,153,141,125,113,106
119,118,126,138,146,156,146,140,137,119,108,103,102,100,96,84,86,104,127,143,142,131,115,103
117,121,129,137,142,143,138,136,134,126,115,125,129,119,111,97,97,103,111,129,137,131,115,101
112,117,126,135,138,137,131,127,127,130,125,137,140,131,129,112,107,105,102,111,128,129,114,98
107,111,122,132,134,130,122,120,125,133,135,142,144,142,142,121,112,107,98,101,117,124,115,101
105,111,122,131,129,120,114,115,121,129,132,136,143,147,140,118,108,102,95,101,111,119,117,105
105,112,126,135,130,116,104,96,94,99,101,105,113,116,101,97,87,78,81,100,114,118,110,95
104,110,122,134,138,124,116,104,92,93,98,108,112,108,104,94,82,76,85,110,127,122,103,88
103,109,117,128,138,134,130,117,102,100,104,113,117,113,110,95,84,82,92,116,130,120,98,83
103,109,115,121,129,132,132,123,112,109,109,111,114,114,108,100,94,92,98,111,119,111,92,74
104,111,116,119,121,120,123,122,117,115,110,108,107,106,104,105,104,102,101,101,105,104,87,62
