166,194,226,243,246,244,244,244,241,239,240,241,240,239,237,235,234,233,230,227,224,218,202,183
172,203,233,244,242,237,233,230,227,225,226,226,223,220,221,222,223,222,219,220,223,223,210,189
178,205,222,219,206,200,195,183,169,167,176,179,176,170,172,174,180,185,185,179,185,194,192,180
174,187,186,170,154,151,148,131,109,109,137,158,159,142,125,125,129,139,144,126,135,147,154,154
157,152,138,124,117,117,117,108,95,99,148,198,207,169,117,111,104,109,119,95,109,118,120,124
139,131,122,115,109,108,105,101,98,104,139,191,203,165,116,96,95,101,106,99,102,106,108,110
127,122,109,98,97,107,104,94,89,103,145,206,222,177,116,85,79,82,82,79,76,82,95,106
129,129,118,106,107,117,115,104,98,116,168,226,236,188,121,93,87,91,93,90,86,91,104,117
146,152,149,140,137,132,130,128,128,144,197,239,240,196,136,118,118,125,129,131,133,133,136,142
170,185,186,175,164,146,143,149,158,172,219,244,241,209,159,144,146,150,151,162,173,176,172,167
189,200,208,204,186,174,169,166,168,188,224,240,233,205,163,144,149,158,165,183,198,200,188,173
199,209,219,220,212,201,187,168,166,204,231,241,232,203,160,134,135,145,157,178,191,184,170,162
197,214,226,227,219,193,171,162,178,219,234,238,228,203,171,141,124,121,132,151,163,159,150,149
184,208,224,219,196,156,136,154,191,215,217,213,202,186,175,151,122,103,106,124,139,145,143,141
162,182,196,185,153,126,130,147,162,163,162,153,142,131,127,125,120,108,100,116,136,144,140,134
139,149,152,138,117,117,126,129,120,103,99,94,81,66,67,85,101,103,96,97,116,128,127,119
117,124,125,116,105,111,115,113,101,80,67,57,44,36,50,74,90,94,89,87,97,106,106,98
96,104,108,104,100,99,96,94,89,76,61,46,36,38,54,72,81,81,76,76,78,83,83,76
76,86,89,84,80,78,73,71,72,68,62,53,46,46,53,61,65,62,56,56,55,59,60,55
58,70,67,52,42,42,48,56,59,53,52,55,50,41,40,45,44,38,32,31,30,32,34,32
45,60,54,31,18,16,28,56,78,77,82,83,77,66,61,64,50,28,14,16,22,27,27,22
41,52,46,29,24,30,46,81,120,137,149,148,141,132,114,104,73,39,22,24,32,37,33,23
47,49,45,40,47,65,82,107,138,165,186,189,187,177,149,126,93,63,47,43,43,44,37,25
55,52,48,50,64,87,103,111,120,140,165,179,181,169,143,119,98,81,67,56,45,38,32,23
