211,212,213,218,230,230,216,200,197,212,231,241,241,232,219,214,212,215,218,212,201,197,199,199
211,214,219,229,243,242,227,208,195,199,224,238,236,225,214,210,207,211,222,226,216,210,208,205
219,227,235,241,247,246,233,212,193,188,210,227,223,207,205,203,201,210,228,232,225,221,217,214
221,229,231,226,221,219,212,195,180,184,202,222,218,198,196,188,181,189,204,200,201,201,201,204
203,200,193,181,169,166,166,159,158,185,211,233,233,211,188,165,146,144,150,141,153,157,161,171
183,173,175,176,161,167,169,162,164,192,222,239,234,209,181,163,155,159,167,162,181,186,181,179
196,194,201,205,196,185,168,165,178,194,227,243,233,204,175,175,169,165,173,186,202,203,198,199
215,218,219,215,207,192,177,179,191,199,231,243,230,202,175,180,183,181,181,192,201,204,207,212
226,228,223,212,203,198,198,199,201,212,237,243,230,207,185,178,189,197,196,195,200,207,213,216
231,237,237,230,224,224,220,210,209,230,246,246,235,218,203,187,180,191,211,219,222,221,219,215
228,232,235,233,229,221,216,215,221,236,247,247,238,222,204,194,199,209,217,221,225,222,217,216
232,236,240,240,237,233,226,224,229,239,249,251,242,225,204,198,197,208,227,233,235,232,228,226
237,242,246,246,243,237,227,226,234,240,248,250,242,226,205,205,194,194,215,231,237,238,236,233
237,243,246,246,239,221,210,215,226,228,237,238,229,213,192,201,188,177,187,208,223,230,232,231
234,238,242,238,224,200,200,197,185,181,204,208,195,173,149,154,152,162,185,188,200,214,224,225
228,233,234,224,210,209,214,188,142,122,133,138,130,112,90,87,107,147,188,195,195,198,206,212
220,226,222,215,215,220,210,169,119,96,96,89,83,82,74,68,81,113,150,165,175,180,186,193
209,215,211,204,204,197,172,136,102,88,90,78,76,87,88,80,79,91,110,124,138,146,154,165
195,199,195,182,163,145,125,107,94,89,101,102,106,112,107,97,95,99,103,105,104,103,113,129
178,180,165,140,125,122,123,122,117,109,117,135,142,131,113,108,110,116,120,114,103,91,90,99
157,155,137,115,108,111,115,112,101,93,98,115,124,119,109,97,92,96,103,103,98,85,76,79
134,132,117,100,101,111,122,126,125,127,131,137,139,137,132,121,119,124,132,136,128,102,79,74
119,117,105,96,107,129,149,163,172,177,174,167,160,158,158,159,164,170,176,179,160,125,93,80
117,112,101,100,120,156,181,194,198,195,178,162,152,152,163,174,181,186,189,189,167,133,103,88
