48,51,54,55,56,62,66,74,83,91,90,95,101,101,95,80,71,66,62,61,58,47,39,38
52,46,44,44,40,40,43,52,65,81,89,95,97,93,79,62,48,40,37,38,41,40,34,29
46,39,35,35,34,32,33,37,48,63,79,88,90,81,62,50,45,45,49,54,59,58,48,34
40,39,39,42,45,43,40,39,43,51,66,83,90,81,61,54,57,62,69,78,82,79,66,51
46,50,54,57,59,51,47,46,48,53,63,85,101,97,75,63,57,53,52,59,66,66,66,68
55,55,48,41,40,35,41,44,46,53,64,83,101,104,81,60,59,58,44,35,42,49,62,80
65,56,43,40,49,39,47,51,51,56,67,82,101,111,91,71,63,60,55,51,52,61,79,96
71,64,54,53,62,57,62,63,62,66,72,87,106,116,100,90,81,76,78,82,83,92,104,112
74,76,74,71,72,76,78,76,74,75,77,93,113,121,105,102,102,102,104,109,113,120,125,123
72,80,87,89,87,87,88,88,83,75,78,97,119,125,107,102,108,115,120,122,124,130,131,126
71,82,94,98,98,98,97,92,83,75,86,107,125,130,117,104,104,112,122,127,130,132,130,125
74,84,96,103,104,103,99,90,83,84,85,103,120,123,110,105,96,99,117,128,130,130,127,124
76,85,96,105,106,103,94,85,77,73,70,81,93,91,76,85,87,94,112,124,127,126,123,120
75,83,93,101,102,97,86,79,70,51,53,56,58,55,47,64,86,100,107,117,120,120,117,113
74,79,84,90,93,85,78,75,71,59,58,55,55,62,73,86,101,104,97,105,112,112,108,104
69,72,78,83,82,67,64,66,67,68,72,71,71,78,92,99,99,92,85,85,96,101,99,94
64,67,73,76,72,60,55,60,65,65,69,71,70,71,78,84,86,78,68,75,87,92,89,85
61,63,69,73,69,56,48,50,56,57,63,67,68,66,65,67,67,61,57,73,86,88,83,79
67,64,66,72,74,56,49,45,45,53,67,72,74,77,74,66,58,56,65,78,88,87,81,76
98,75,63,70,77,73,71,65,58,61,74,79,79,80,83,78,79,88,97,90,88,84,77,72
170,94,56,65,71,79,83,77,66,57,57,58,58,59,64,72,86,98,101,92,83,76,70,66
227,128,64,60,65,74,82,82,77,71,66,64,64,69,76,84,94,99,96,86,75,67,63,61
253,156,78,56,60,67,76,83,87,88,86,85,88,94,101,104,103,99,92,80,68,61,60,62
253,165,85,54,58,64,72,81,90,93,91,95,102,107,110,112,110,103,93,79,66,59,60,66
