44,49,59,71,84,91,100,104,101,98,92,91,90,89,90,89,90,91,89,86,82,72,64,64
36,38,40,43,47,51,59,67,78,92,94,92,87,81,73,60,53,51,50,49,47,45,44,44
32,36,44,48,38,29,33,40,51,68,83,85,77,63,48,37,30,28,28,31,31,34,40,46
32,36,52,60,43,27,27,31,36,46,69,77,69,52,34,30,28,26,26,29,31,34,42,51
28,27,33,36,24,20,20,26,36,45,66,73,68,54,36,29,25,23,20,19,24,25,26,31
26,22,24,26,19,22,22,23,28,39,51,61,56,40,31,28,29,27,20,19,30,30,26,29
30,25,24,26,26,27,27,26,28,38,56,66,54,33,33,28,27,26,24,26,31,33,35,38
36,30,27,29,31,31,30,29,30,38,66,81,68,42,32,29,29,30,31,35,38,42,47,50
41,36,33,33,34,35,33,31,32,42,74,94,89,62,31,31,36,39,39,42,47,54,58,57
43,41,40,40,40,41,40,34,34,53,79,98,101,82,39,34,39,44,45,45,50,58,62,58
41,40,41,43,43,43,39,34,39,62,81,99,106,94,63,39,36,41,45,46,50,58,62,59
51,44,38,38,42,40,34,32,43,65,83,102,110,102,79,49,37,39,42,44,45,53,64,70
60,54,49,48,48,45,38,41,55,71,91,108,118,115,89,70,51,40,40,46,51,62,73,79
63,64,67,67,61,54,49,53,63,73,94,107,118,117,88,83,66,48,46,56,69,80,82,78
61,60,62,65,63,50,50,51,51,57,73,84,86,78,63,60,61,61,62,70,77,80,77,74
63,60,59,59,57,52,51,46,39,37,43,47,44,38,38,42,58,69,70,70,76,77,72,66
62,57,55,54,51,43,38,32,26,22,22,26,25,20,23,28,41,51,56,63,70,71,67,60
66,54,49,50,42,30,24,21,19,19,25,30,29,23,20,22,26,30,35,47,61,65,61,56
85,56,45,44,33,21,18,19,21,26,41,43,39,33,25,23,24,23,20,26,50,60,57,54
120,66,41,43,31,20,19,22,26,32,35,38,38,34,30,28,27,23,18,23,46,57,55,51
178,82,36,43,39,29,26,29,35,38,41,42,43,45,49,49,44,39,37,39,49,54,52,49
221,108,41,41,43,42,38,37,41,48,55,55,55,57,59,56,53,54,59,59,54,49,46,46
243,157,73,37,42,48,46,43,42,47,53,53,52,53,54,53,55,63,71,67,54,45,42,40
247,212,115,35,40,43,48,46,40,34,31,31,32,34,42,52,59,66,70,62,50,44,40,35
