117,148,170,178,187,194,198,204,211,214,224,231,232,227,216,204,199,198,198,194,189,179,149,107
144,179,201,205,209,210,209,206,206,209,220,227,224,211,191,177,172,172,170,162,153,147,130,105
144,164,177,177,176,174,169,162,157,160,175,187,184,165,139,123,118,119,117,110,105,104,99,89
115,116,118,118,115,110,103,95,91,96,113,132,134,115,88,73,68,68,67,65,68,73,75,72
89,90,90,87,80,70,61,56,55,61,79,104,110,91,65,54,48,45,44,43,52,65,70,67
91,89,81,68,54,43,42,44,48,57,77,120,127,92,62,52,45,42,41,40,51,63,68,67
106,101,89,75,63,54,53,55,59,68,83,132,145,105,68,60,55,52,54,58,70,81,86,84
142,139,124,104,89,79,77,81,86,90,102,163,188,146,87,76,75,74,76,82,93,108,117,116
185,191,177,151,132,122,120,124,123,113,131,201,234,190,113,93,98,106,110,117,128,144,153,151
209,225,225,209,194,187,186,181,160,126,156,216,242,206,134,101,113,139,157,170,183,190,188,180
216,232,242,241,235,230,224,207,169,127,179,230,245,218,161,105,107,141,171,190,199,201,198,194
210,225,239,242,235,224,207,181,150,136,201,241,248,230,190,122,98,114,143,161,171,177,180,180
189,204,217,216,201,178,155,139,140,165,216,242,244,230,202,144,101,90,102,114,123,131,139,144
157,169,176,169,148,123,103,110,143,183,206,220,221,206,180,147,108,82,78,84,90,96,103,111
123,129,125,113,101,87,81,96,122,138,152,167,167,149,125,107,94,85,82,88,95,100,103,106
106,106,97,82,72,68,72,81,86,85,90,100,102,93,82,79,85,91,91,93,100,106,108,108
99,99,88,71,62,65,77,85,84,74,69,68,68,67,66,72,86,97,99,94,97,105,109,109
95,98,87,71,65,74,92,106,106,93,80,71,67,67,70,78,91,100,101,94,95,102,108,109
92,99,91,78,76,86,106,123,125,112,97,88,81,76,78,85,93,97,97,96,99,105,110,109
95,106,105,94,89,93,101,109,112,106,97,90,83,78,76,83,89,93,92,94,106,115,114,109
90,111,120,116,117,132,137,134,130,129,122,109,97,90,87,91,103,117,125,117,117,115,109,102
86,109,124,132,150,178,183,171,157,151,147,136,123,113,107,112,132,155,163,142,120,106,97,92
81,98,115,135,168,201,208,193,169,153,146,139,130,120,115,122,145,166,169,143,110,90,82,78
73,86,103,128,165,197,204,190,164,139,124,113,108,106,105,113,131,145,141,121,91,77,72,67
