79,128,173,193,200,206,214,220,225,229,231,234,231,225,219,213,206,197,184,174,163,155,142,124
107,140,170,179,176,180,190,201,212,221,228,233,233,229,226,225,222,214,202,191,188,190,185,172
124,127,125,119,113,113,122,135,151,169,200,223,230,220,203,191,177,163,150,140,143,156,169,174
112,93,76,68,69,67,69,77,90,112,163,201,213,197,163,135,109,89,78,75,79,88,106,124
82,71,70,80,93,93,86,80,83,98,140,175,188,174,140,111,88,75,73,83,83,71,66,75
82,82,88,99,109,114,112,102,94,101,132,168,187,179,148,122,107,105,114,124,119,97,78,74
91,93,92,90,90,91,97,102,103,106,128,171,199,192,158,128,114,125,143,130,114,101,94,94
107,108,100,89,86,85,98,112,118,116,131,176,198,184,169,146,131,139,153,122,101,97,103,111
130,135,130,119,115,117,131,142,139,126,138,181,189,167,178,174,157,149,150,124,114,116,124,132
156,177,184,175,165,166,177,177,156,128,141,189,194,163,177,188,177,161,154,153,162,172,174,171
175,191,204,205,200,200,207,199,163,114,134,195,198,152,157,187,197,195,193,193,204,211,206,194
178,188,202,210,210,210,218,204,158,103,148,209,218,172,135,170,199,211,212,212,219,223,216,202
164,165,176,191,199,203,207,189,148,115,159,208,219,185,138,155,182,201,208,211,215,216,210,201
148,139,148,170,186,192,191,168,138,129,140,172,181,162,148,149,164,179,189,199,204,205,202,196
145,139,151,174,188,195,196,170,130,101,91,104,114,112,120,142,168,177,174,188,200,206,201,190
138,138,153,178,195,205,204,180,138,100,88,97,107,111,115,136,169,186,182,187,199,202,189,171
125,131,150,174,193,201,192,168,137,111,110,122,133,136,135,140,160,178,184,185,193,193,177,156
112,121,143,168,182,180,162,143,132,130,140,154,161,160,157,149,151,161,174,181,187,186,168,143
102,111,137,162,167,151,129,117,120,133,146,155,158,156,152,144,139,143,157,176,185,181,159,131
95,101,127,153,152,129,107,93,87,87,89,95,106,114,104,98,106,122,143,171,184,175,147,119
88,90,113,140,145,125,103,88,85,98,110,119,133,142,122,101,101,117,140,168,179,165,132,102
81,83,100,126,143,137,123,108,104,117,134,145,156,160,142,129,135,150,164,174,173,152,118,90
69,74,86,107,130,139,137,128,121,121,127,133,140,145,145,153,171,185,186,176,163,139,105,78
54,63,74,88,109,124,128,129,125,112,100,96,102,117,138,161,181,190,186,170,152,128,95,66
