3,3,3,3,5,12,29,42,45,40,41,52,70,91,112,118,123,127,124,109,97,95,90,79
3,3,3,2,4,9,24,46,68,85,91,99,107,114,119,112,100,91,92,96,89,94,98,91
3,3,3,2,5,18,32,45,63,91,110,120,123,119,107,88,73,68,78,96,96,95,96,96
3,4,3,3,10,34,47,48,49,67,95,113,120,113,92,68,60,66,80,99,105,99,94,97
4,5,4,7,18,39,50,56,58,60,82,108,124,121,96,70,60,60,66,80,89,96,101,105
11,10,12,14,14,16,23,36,47,50,72,105,130,127,87,54,41,30,21,38,37,61,97,117
35,38,33,23,19,20,28,41,51,53,71,108,138,136,94,57,44,33,21,34,34,63,105,128
59,65,59,45,37,41,49,59,65,64,76,112,143,144,111,78,60,50,45,57,69,96,125,140
73,83,85,79,72,76,80,85,85,76,83,114,143,150,131,110,91,80,81,92,113,135,148,151
79,93,106,112,115,116,118,117,104,82,88,114,140,152,148,146,138,129,123,128,142,157,163,158
76,92,107,119,128,132,133,124,103,81,89,116,139,147,143,145,145,143,144,146,156,165,165,158
71,86,106,121,131,137,137,120,92,75,91,121,140,141,133,136,139,142,147,153,160,166,163,153
64,79,100,118,127,132,124,100,78,78,98,129,145,142,134,126,123,128,138,148,154,156,151,141
54,69,89,106,116,115,95,74,66,80,98,126,141,137,131,117,106,108,122,132,138,137,130,122
41,56,73,87,94,88,66,56,58,57,72,95,108,107,99,111,107,97,96,107,117,119,112,102
28,44,59,68,72,65,59,60,60,53,61,74,89,101,108,128,129,112,90,83,96,102,100,96
15,34,52,61,62,55,59,65,66,66,74,82,93,106,119,132,133,121,101,87,96,99,97,99
6,27,47,59,65,55,50,51,55,59,67,74,81,89,99,105,102,100,101,98,105,104,100,101
2,19,38,56,71,59,38,29,33,41,47,57,66,70,73,70,64,71,92,102,110,108,100,93
1,9,27,49,68,70,58,43,45,78,95,112,124,126,114,90,84,97,113,111,110,107,93,72
1,3,17,37,53,69,67,51,42,62,84,95,100,103,101,82,94,113,117,109,103,97,72,34
1,1,8,22,41,57,64,57,47,46,61,67,69,74,83,88,104,116,112,103,94,75,43,10
1,1,2,10,28,43,54,59,56,50,54,59,63,70,83,103,113,112,105,92,78,48,18,4
1,2,1,4,15,34,47,57,63,62,65,69,75,84,96,111,115,111,100,81,59,28,7,6
