88,79,68,60,61,67,79,96,113,122,127,129,129,126,116,100,79,61,51,47,45,58,81,100
72,59,52,53,53,54,63,78,95,108,118,122,120,114,100,82,68,61,63,69,71,72,74,76
58,54,57,62,61,58,59,67,79,93,110,117,115,106,89,73,63,60,63,69,75,80,80,76
58,64,66,65,62,59,57,60,68,81,105,121,121,105,83,69,61,55,50,52,58,67,78,86
68,64,54,42,37,36,40,48,57,70,101,129,133,109,77,59,55,49,38,44,49,45,53,75
68,52,47,50,45,34,44,50,51,66,98,132,138,112,77,61,68,64,43,45,70,66,59,74
73,58,54,56,52,45,60,65,62,73,102,133,140,120,98,84,83,78,65,67,82,90,95,103
84,77,73,72,71,71,79,80,75,81,106,133,139,127,116,104,98,94,92,97,105,117,126,130
96,95,94,95,97,99,96,90,85,88,108,131,138,131,124,116,114,113,115,121,132,138,142,144
104,104,107,111,113,112,105,97,92,94,110,130,137,131,129,130,131,130,130,135,142,145,147,149
108,112,115,117,118,115,108,100,96,98,116,133,139,133,127,129,137,142,143,145,146,149,149,148
105,112,119,120,119,117,111,103,96,99,121,138,144,137,125,121,128,139,147,150,150,150,147,142
96,106,114,118,118,118,112,102,93,94,109,122,125,119,112,113,112,121,140,148,149,147,142,135
88,96,105,111,114,115,109,98,87,81,82,88,86,80,85,102,100,106,130,140,143,141,136,128
84,91,99,105,109,111,99,89,79,60,58,63,61,55,59,85,105,116,125,133,137,135,129,123
82,87,94,100,104,104,95,89,82,67,68,71,79,88,91,112,130,134,129,129,131,128,123,119
80,85,91,97,101,101,96,93,90,85,92,96,103,115,123,134,141,141,134,127,125,123,118,113
79,83,89,94,98,100,99,97,97,100,110,117,121,128,137,139,137,134,131,124,120,118,114,110
78,81,86,91,94,98,98,97,98,101,106,112,116,118,121,122,119,115,113,117,116,114,111,108
78,80,84,88,90,93,92,90,87,79,70,69,70,68,70,79,85,86,87,103,111,112,108,104
77,79,83,85,87,89,81,71,62,55,59,64,66,68,77,81,84,83,84,96,106,109,105,100
73,77,81,83,86,86,79,72,69,69,75,80,81,85,93,99,105,106,103,102,104,104,102,98
62,73,79,80,83,83,83,85,88,89,90,89,90,93,98,106,116,119,113,105,100,97,96,94
49,67,76,77,79,80,85,90,91,89,86,84,84,88,91,97,102,104,102,98,94,90,90,91
