11,10,11,17,30,41,47,53,61,77,95,103,111,117,111,93,82,81,89,97,111,120,118,108
11,11,20,41,68,81,81,75,71,76,88,102,114,119,112,96,87,88,98,111,125,133,130,123
19,26,39,57,77,90,92,86,79,76,85,105,122,126,113,94,87,85,83,82,87,94,106,118
36,41,47,49,50,57,68,79,82,76,83,108,132,138,118,95,85,77,61,46,46,58,81,103
61,48,40,36,32,30,44,68,82,77,78,106,138,150,128,108,92,77,63,55,66,88,105,108
92,82,75,75,79,76,76,83,90,87,82,106,136,148,134,122,107,91,80,78,85,103,125,138
113,113,106,97,91,90,92,98,100,90,86,107,134,145,138,132,124,113,102,102,109,122,138,151
121,129,129,120,112,110,112,113,108,95,90,110,134,145,142,141,140,138,133,129,133,139,148,155
121,133,141,141,139,136,133,124,111,99,94,113,136,147,144,145,149,154,156,151,150,151,155,161
120,131,140,142,140,138,133,121,103,91,93,118,140,146,141,138,143,147,149,152,154,156,161,167
116,128,137,140,140,133,121,100,82,85,93,121,147,153,140,135,124,117,124,139,147,153,159,166
107,120,131,136,132,121,97,76,70,80,84,106,128,132,123,123,109,94,94,111,127,137,143,147
93,103,115,121,115,98,76,64,63,64,65,77,88,91,88,95,98,94,86,82,98,112,121,124
79,83,92,98,92,74,68,67,63,53,56,61,65,69,73,83,102,112,99,69,74,87,99,104
73,71,74,78,76,68,72,76,76,74,80,89,97,105,118,126,129,125,110,80,65,70,82,88
68,67,69,73,74,74,74,74,73,70,73,87,97,97,93,94,99,106,107,92,73,71,81,88
70,70,75,80,82,78,58,47,52,58,64,74,83,88,87,92,84,66,58,82,89,91,94,98
73,75,82,90,91,83,51,36,47,66,80,91,102,111,114,112,91,60,47,86,108,112,110,110
76,78,86,95,98,92,69,57,65,87,104,122,134,139,137,118,104,95,95,114,122,122,118,117
79,80,86,94,99,100,90,75,64,66,71,79,84,86,94,98,99,105,117,125,125,122,118,114
91,81,79,87,96,99,94,82,70,65,65,68,70,73,84,97,110,118,125,131,126,120,114,110
89,81,76,80,89,94,94,87,78,74,73,72,74,79,91,106,120,128,130,133,127,119,111,105
58,71,75,74,80,87,91,93,91,89,91,91,93,100,111,123,132,136,136,132,125,117,107,97
17,54,73,71,75,83,89,98,105,102,109,114,118,123,132,140,144,144,139,129,120,113,102,87
