68,110,143,154,157,163,168,172,172,167,158,153,150,144,135,131,129,124,114,105,99,90,76,62
77,111,139,148,148,156,166,173,175,170,162,156,151,144,135,131,128,123,114,105,101,91,76,63
96,114,114,102,100,109,120,130,139,151,157,155,149,139,127,111,98,90,85,82,76,71,66,63
114,111,89,67,67,71,74,78,89,113,141,147,141,128,108,79,60,53,56,58,48,44,49,57
123,102,93,95,90,83,70,65,71,85,123,137,131,112,81,57,48,51,56,56,47,38,39,48
130,126,121,107,80,59,42,49,78,110,134,146,137,105,61,62,64,56,42,40,44,53,59,58
139,140,133,114,88,62,45,53,82,115,137,151,139,100,54,55,74,76,62,62,62,66,69,67
145,148,145,135,124,108,91,87,98,121,138,148,135,98,59,55,78,96,95,96,94,93,88,77
147,153,159,161,160,155,141,129,125,132,138,141,128,98,69,65,85,109,122,124,122,118,104,85
147,155,163,164,161,154,149,147,145,138,138,137,125,99,74,76,95,119,136,143,134,116,96,84
147,153,161,167,167,161,155,154,151,143,138,137,126,102,76,78,95,119,139,146,137,113,89,77
145,152,163,172,174,165,158,154,148,133,130,131,122,101,75,70,81,106,135,143,136,113,88,76
143,152,165,174,174,158,142,140,142,131,132,137,131,108,77,68,59,76,118,134,131,112,89,75
141,152,162,167,161,138,118,122,137,135,135,143,139,111,71,64,43,47,91,120,122,107,86,71
141,149,154,152,139,109,111,127,135,125,116,120,112,82,42,40,41,48,70,109,113,98,78,65
138,145,151,143,120,112,119,126,125,121,124,120,99,71,57,55,55,54,62,99,106,88,68,59
134,142,152,141,110,122,128,127,125,127,136,130,114,98,87,78,68,61,64,84,105,90,65,60
129,140,151,142,112,127,116,107,112,125,128,122,113,101,83,70,56,53,67,86,115,96,65,63
125,138,148,142,124,130,101,80,89,115,116,111,98,79,53,40,30,41,76,109,131,99,63,63
122,131,142,143,134,137,137,114,96,121,148,150,138,115,77,55,47,69,110,126,137,96,55,59
132,131,134,137,138,141,147,138,122,122,135,133,125,113,91,69,64,82,112,127,121,82,51,53
113,123,129,131,137,145,149,147,138,130,133,126,115,105,92,74,70,82,102,120,94,67,50,44
79,109,125,127,134,143,147,147,145,141,137,123,108,97,86,71,72,80,90,101,69,54,52,46
57,97,122,126,131,136,143,148,149,147,132,112,96,88,80,66,75,84,81,80,55,47,54,61
