157,171,186,195,199,206,214,225,235,239,238,237,236,235,234,235,235,233,228,221,216,211,206,201
159,170,183,191,193,198,207,219,231,236,237,237,236,235,234,235,233,230,224,215,212,209,204,199
153,157,163,165,162,162,168,184,203,216,222,227,229,228,225,220,211,200,190,182,182,183,182,179
134,131,133,134,128,118,117,129,151,172,186,198,206,206,198,185,164,143,130,126,129,135,140,143
104,101,108,117,112,95,84,85,98,119,136,156,170,171,158,139,112,88,76,76,82,91,101,107
88,86,92,98,94,85,78,78,87,102,111,129,145,148,131,113,95,82,78,84,92,96,98,100
98,95,96,97,91,77,69,72,85,99,108,122,135,136,118,104,91,82,79,85,92,96,98,99
114,106,100,96,88,73,68,74,88,103,111,122,131,129,112,104,94,86,84,86,82,82,86,91
129,120,111,104,96,86,84,89,100,112,116,129,141,138,116,110,103,98,98,99,87,81,83,87
142,145,144,139,132,121,116,117,121,126,127,152,174,168,132,122,119,119,121,126,123,117,111,107
154,163,166,162,156,148,141,139,138,136,141,170,190,182,149,131,129,135,142,147,146,142,138,136
163,173,181,182,179,175,167,156,147,143,157,183,199,190,163,141,139,148,160,165,165,166,167,166
170,178,187,191,190,186,175,160,148,150,169,192,204,197,175,153,146,153,168,176,178,182,185,185
175,184,192,194,190,181,168,155,150,159,176,197,209,202,181,163,150,153,168,177,181,185,188,188
184,196,205,202,190,174,163,157,157,161,174,196,207,198,178,165,155,156,168,175,179,181,182,183
186,200,213,211,190,170,161,158,152,145,151,170,179,169,149,148,152,160,171,175,182,189,192,190
183,193,201,192,169,157,156,151,140,129,128,137,143,139,129,133,143,157,170,172,173,183,193,194
176,181,178,162,143,142,142,135,122,114,115,120,123,123,119,119,125,141,158,161,156,164,179,187
168,169,157,138,127,127,125,116,106,103,113,125,129,125,115,107,106,119,138,142,137,142,157,172
160,158,141,121,114,113,113,112,108,105,119,138,146,137,119,108,107,114,122,120,116,124,143,161
151,147,131,113,105,96,97,109,121,124,136,150,155,150,137,131,125,114,101,99,102,116,138,156
144,143,135,125,120,106,101,118,141,152,168,176,178,176,168,165,151,125,99,100,105,120,141,155
137,142,144,146,150,139,129,138,159,173,194,201,202,199,193,188,170,143,121,124,126,135,147,154
130,139,150,160,171,170,160,158,166,178,199,208,210,206,198,190,174,157,147,151,149,150,151,152
