52,44,44,47,41,30,34,39,42,46,50,51,51,53,64,83,115,153,187,209,216,213,181,133
41,33,33,38,40,39,45,50,53,58,61,65,72,85,106,126,152,177,194,197,197,198,174,132
37,30,28,34,40,44,48,52,57,67,78,95,116,136,149,156,157,156,154,152,159,170,160,130
41,33,32,37,40,41,41,43,48,62,83,117,152,174,170,152,124,101,94,106,124,145,147,130
44,36,35,38,39,36,35,33,34,44,68,114,162,187,173,135,96,70,69,94,115,140,147,134
53,39,32,35,38,40,46,39,27,31,55,117,180,208,190,155,115,88,87,113,138,153,153,145
64,48,41,49,63,74,85,70,41,32,55,121,186,214,200,176,143,120,121,147,172,185,180,164
84,73,69,77,90,103,113,96,62,43,62,125,187,216,208,194,174,160,162,179,195,207,201,182
105,101,104,110,114,122,127,111,80,56,69,128,189,220,218,210,203,199,198,204,210,216,211,197
112,113,126,141,145,146,143,122,88,62,71,128,191,226,231,228,225,223,222,222,226,228,222,211
114,113,131,155,162,163,152,118,78,63,71,127,191,231,234,230,231,231,227,230,241,243,235,225
117,111,130,157,167,169,151,108,66,61,72,128,195,235,231,227,229,229,226,231,245,247,238,228
114,104,120,150,163,163,133,89,59,61,74,131,197,235,229,226,222,216,213,223,236,237,230,224
106,90,103,135,150,141,101,66,55,63,78,134,195,228,227,227,213,195,186,197,211,217,217,215
100,78,87,118,129,102,66,50,53,61,80,133,188,217,220,218,206,181,155,151,173,194,204,204
94,72,77,96,90,61,45,43,46,48,68,115,163,187,183,186,191,182,152,119,130,163,189,194
85,67,66,70,54,39,38,41,42,40,53,89,128,155,165,177,186,183,158,118,105,134,171,183
79,63,53,46,33,31,34,38,40,42,56,91,127,153,173,182,183,172,147,115,97,122,160,176
77,56,40,32,27,26,27,31,38,49,75,115,151,173,186,184,172,149,122,106,107,133,162,173
71,49,35,30,25,20,15,18,31,50,72,102,136,163,176,174,152,130,124,137,139,154,169,171
71,50,36,33,31,32,26,23,34,64,99,138,167,180,181,172,155,151,163,166,161,166,170,162
64,47,40,46,53,48,44,42,49,72,98,128,151,165,172,171,171,180,191,183,176,173,162,143
53,43,42,55,69,57,53,57,67,84,100,115,131,148,163,169,178,185,185,174,165,156,134,106
45,39,41,53,65,56,51,57,75,102,125,140,149,157,166,166,169,167,157,148,134,120,97,68
