45,64,83,94,103,109,112,113,113,113,111,110,108,107,109,108,112,117,119,124,119,114,113,113
54,65,73,79,87,92,93,90,86,88,95,98,94,85,81,73,70,72,78,84,82,82,90,105
60,61,62,61,59,58,58,59,62,68,74,78,73,64,61,58,55,53,54,58,60,62,70,82
64,70,76,68,46,41,40,45,54,62,62,65,65,61,59,67,70,63,52,54,59,69,76,76
76,101,122,106,57,53,51,52,57,61,62,73,78,71,63,77,86,71,44,50,59,81,101,105
82,111,127,99,41,29,27,34,47,58,67,86,90,73,62,89,107,78,29,43,47,69,93,101
70,85,88,72,48,33,31,38,48,57,67,97,104,82,65,74,84,72,49,64,72,83,92,94
68,69,67,66,67,59,56,56,59,65,72,103,114,94,74,68,72,74,73,81,89,96,101,102
77,72,74,79,82,83,79,74,72,75,79,107,119,103,85,78,81,85,86,88,94,103,112,116
81,76,81,89,88,90,86,84,82,79,80,107,121,108,93,85,87,92,95,99,104,111,117,118
85,79,84,95,97,98,95,94,90,77,85,108,120,115,107,101,97,96,98,100,101,106,114,120
100,89,92,104,106,102,100,94,84,79,92,109,122,123,108,93,95,102,103,99,98,101,108,114
97,89,89,94,95,90,93,87,76,81,95,111,125,126,107,90,83,88,97,95,96,100,107,111
77,79,78,77,78,74,78,77,72,75,87,104,114,109,93,92,75,68,83,90,93,100,107,108
70,72,78,85,90,79,68,65,64,57,62,74,75,61,51,72,86,86,82,87,90,93,95,96
67,67,70,73,73,65,64,66,63,49,48,49,48,44,47,68,87,94,88,79,74,78,87,92
68,68,66,65,64,62,62,58,50,39,35,37,38,38,42,52,63,71,73,71,75,77,82,91
69,70,68,65,62,57,53,46,38,34,33,41,46,43,44,45,46,49,53,60,75,83,87,92
68,70,72,69,60,44,39,37,37,39,44,55,59,57,58,52,48,45,46,49,65,88,99,94
65,68,73,71,56,40,36,36,39,50,56,62,64,62,60,52,41,43,57,56,69,90,100,92
53,63,72,69,54,45,52,50,42,52,72,89,95,90,84,65,64,75,80,66,71,86,88,74
47,53,62,60,49,52,65,63,53,56,75,91,96,93,91,83,87,95,93,71,66,71,68,56
63,50,46,47,43,54,67,71,66,64,72,80,82,81,84,92,97,98,90,66,56,53,50,43
94,55,34,37,43,51,65,73,72,69,73,79,79,77,79,87,95,95,80,55,46,43,39,35
