149,182,209,221,228,234,240,245,247,247,247,247,245,240,231,223,214,210,209,194,188,178,158,139
152,187,215,227,234,239,243,246,247,246,246,246,245,245,243,241,238,236,232,224,218,214,204,192
152,186,214,221,216,210,207,211,219,229,235,237,239,240,237,223,213,207,206,211,213,219,221,215
148,176,197,195,175,157,144,142,156,182,203,219,223,216,201,167,142,134,141,159,175,189,195,194
142,158,164,155,138,119,95,79,84,115,158,197,206,183,147,107,83,79,92,119,142,155,160,161
122,132,137,135,133,127,108,88,77,89,137,189,204,172,120,89,80,88,105,120,127,137,145,146
113,111,104,94,82,73,66,63,66,82,139,201,219,179,113,84,77,78,80,88,96,107,119,126
106,94,73,51,38,30,36,51,69,92,149,210,226,183,115,85,75,64,49,48,53,69,91,108
114,106,84,62,54,52,66,85,103,121,167,216,222,181,130,107,98,80,55,46,47,65,92,112
154,168,172,159,143,141,150,160,164,165,197,226,222,188,164,163,160,143,120,111,122,135,147,156
202,222,232,226,218,219,215,209,197,185,218,233,217,189,180,197,207,203,191,186,201,215,218,213
217,232,245,248,246,247,243,226,200,184,219,233,213,181,170,208,231,235,231,228,235,241,239,231
206,220,236,245,247,246,238,215,181,156,177,191,179,155,154,191,224,239,241,240,240,238,230,220
185,201,218,229,232,225,208,181,143,103,104,116,114,109,133,157,191,218,228,232,231,227,215,200
164,175,188,196,194,181,170,142,95,48,48,57,55,57,98,132,155,174,195,210,213,211,200,183
135,140,148,150,145,144,158,142,101,70,59,57,61,74,97,137,149,148,155,170,175,176,169,156
112,109,110,113,117,134,158,159,143,130,117,111,118,134,144,162,159,142,129,136,143,145,139,127
94,92,91,96,109,134,155,167,172,176,174,176,181,186,186,180,164,140,116,111,118,124,118,104
86,96,104,109,114,124,133,143,153,166,181,192,191,179,169,160,148,129,107,98,110,118,111,93
103,126,151,154,129,105,89,83,89,102,116,119,111,99,94,96,101,105,108,112,131,135,119,98
104,136,175,189,164,134,108,100,109,122,136,144,144,136,124,112,111,122,142,168,180,165,130,100
99,123,157,178,178,166,144,128,125,129,131,133,137,139,139,140,156,177,195,209,195,164,127,100
92,112,132,145,158,165,156,141,132,133,132,131,132,137,148,167,196,217,220,208,175,143,111,86
87,115,129,125,124,138,141,139,141,155,167,173,173,171,174,190,205,210,201,182,150,125,96,65
