44,59,54,40,42,57,79,107,131,142,142,145,145,140,132,109,87,72,66,64,61,57,51,46
52,65,74,70,55,50,60,76,101,135,138,145,144,129,109,77,54,43,42,41,41,44,45,45
67,85,108,110,83,66,66,77,97,127,139,148,137,110,89,69,51,49,62,71,72,65,53,42
86,107,121,115,96,77,77,90,107,122,143,149,123,85,79,79,74,74,84,89,94,87,66,44
105,114,96,75,79,56,60,78,99,123,141,142,107,64,73,79,85,78,56,32,48,69,70,55
119,117,102,90,87,57,69,90,106,127,137,128,96,68,84,86,102,94,56,35,47,61,65,60
126,124,121,120,120,111,113,118,123,129,136,121,91,74,94,108,122,118,96,82,80,78,75,74
128,130,133,137,141,150,146,139,132,127,136,116,86,75,101,120,133,136,129,119,106,97,90,84
128,133,139,142,146,155,153,144,132,123,132,112,82,73,99,120,135,141,140,133,118,110,101,88
126,136,145,148,150,152,152,145,133,124,128,109,80,68,89,121,135,138,139,136,126,117,104,88
126,135,146,150,149,152,156,147,133,128,127,114,86,61,69,112,135,138,136,134,126,116,102,88
118,132,143,147,152,159,154,138,128,140,137,121,92,61,54,100,135,144,137,129,121,112,98,84
108,127,140,146,155,161,139,119,118,128,129,110,80,54,51,82,127,148,137,126,116,104,88,74
98,120,139,147,151,147,118,107,112,104,105,88,62,46,59,71,114,143,134,124,111,94,76,62
89,114,134,141,140,122,111,117,124,113,103,87,69,61,74,84,110,129,129,118,105,87,68,56
65,103,130,135,129,103,116,130,132,128,121,117,105,93,97,98,99,108,119,110,97,79,63,54
46,95,127,126,111,103,121,132,130,130,127,127,119,107,105,97,89,87,93,98,89,73,59,53
33,89,126,121,104,108,108,105,104,107,105,104,97,88,82,71,66,65,72,92,92,76,58,52
26,83,121,123,114,112,91,71,66,75,80,80,72,57,46,38,41,54,76,103,108,85,60,53
26,70,111,129,130,120,116,89,62,80,104,114,98,66,44,41,57,81,107,129,120,87,60,57
29,54,97,131,132,119,121,106,84,86,98,101,89,68,55,58,74,92,109,129,112,80,60,61
34,36,82,130,129,118,119,117,107,97,93,87,79,72,70,74,81,89,100,118,96,74,64,64
39,26,65,120,127,122,120,121,120,112,102,95,90,88,87,86,84,85,91,104,85,73,69,65
44,25,52,102,126,125,124,123,123,124,121,117,114,110,101,93,90,88,87,94,84,76,70,63
