70,91,136,173,179,178,180,182,188,199,215,219,216,214,214,206,192,181,179,180,168,155,147,146
88,101,141,176,178,178,180,181,184,195,212,215,214,216,217,208,200,199,202,200,197,194,191,187
98,106,137,166,167,164,163,164,168,177,195,204,206,207,205,195,192,198,206,206,210,216,217,212
105,110,130,149,149,140,138,140,142,143,157,177,184,178,169,163,167,179,192,198,204,208,207,204
124,125,130,136,134,121,119,121,117,102,102,126,139,128,119,125,137,156,179,188,194,191,182,176
136,143,135,121,115,105,105,109,105,84,52,60,69,69,90,106,111,124,147,160,175,180,170,154
152,160,144,113,90,70,62,70,80,74,50,69,76,67,90,96,85,81,96,116,136,152,156,151
162,172,156,123,95,72,57,63,75,73,68,113,119,85,98,96,77,61,63,84,107,129,146,152
166,178,170,147,128,109,94,92,93,80,94,162,162,100,104,107,93,76,71,88,110,131,146,154
167,180,181,168,157,141,127,121,109,91,132,199,190,119,109,126,125,116,116,132,147,157,162,162
169,176,179,175,168,160,149,134,119,118,171,216,205,152,121,139,151,152,153,164,174,177,175,173
172,169,167,165,162,158,150,140,137,152,199,226,223,192,152,144,154,165,169,177,183,184,185,190
175,163,156,157,157,152,143,141,152,174,213,232,232,215,182,150,146,154,161,166,172,182,194,204
173,156,148,151,151,143,135,140,156,177,211,228,226,213,195,156,136,134,141,147,156,176,195,202
161,149,142,138,130,124,122,132,151,172,196,208,206,197,188,153,130,124,133,144,155,168,175,174
148,143,135,125,115,117,120,123,132,150,170,177,172,162,156,141,127,121,124,132,145,155,157,151
141,139,132,121,113,114,121,123,123,131,141,142,136,131,135,139,133,124,119,120,131,142,142,134
138,138,134,125,114,102,103,110,116,118,122,121,119,120,130,138,130,117,109,110,120,133,135,123
139,140,139,132,117,88,71,82,105,112,116,120,123,126,130,127,109,93,91,105,118,132,132,118
149,145,141,138,130,102,70,71,98,114,118,120,124,128,126,113,85,73,88,114,128,137,131,113
162,155,146,140,136,121,99,95,109,126,130,134,140,144,138,123,103,99,115,130,137,141,131,110
174,174,159,142,140,134,124,119,121,128,129,132,139,146,143,135,127,128,137,142,141,142,131,108
169,170,153,133,132,131,130,127,124,123,122,124,130,138,142,142,143,144,147,147,143,141,127,101
148,141,126,114,115,117,121,121,118,118,120,124,129,135,141,144,147,150,150,148,144,140,121,91
