140,169,191,207,228,236,240,244,246,247,248,249,248,244,238,233,229,225,220,217,212,208,204,200
168,175,188,205,218,221,224,231,237,241,243,245,246,246,242,240,239,237,233,231,232,233,232,227
187,176,179,187,180,169,165,171,183,199,218,228,232,230,215,206,196,189,187,190,207,227,239,240
174,151,145,147,134,116,102,100,111,134,168,189,198,191,160,138,121,111,111,120,148,182,205,212
130,100,89,101,107,95,78,68,67,75,100,129,143,132,96,74,68,68,70,81,106,132,150,156
89,84,100,112,92,68,56,58,58,41,39,61,75,65,39,37,47,55,59,76,110,134,133,119
97,115,123,107,72,51,41,44,46,32,21,54,76,59,27,31,37,38,37,47,80,112,125,119
109,134,141,120,90,76,65,56,47,37,35,100,137,104,44,43,43,43,47,56,86,109,121,124
111,135,154,152,130,118,104,82,60,49,69,161,210,163,74,66,63,67,85,104,133,143,141,141
120,140,171,179,149,132,115,97,77,67,115,199,239,196,105,97,90,91,113,141,169,191,196,186
135,129,169,212,198,181,157,134,109,92,164,226,246,210,129,127,138,137,131,143,163,190,202,193
157,136,150,188,208,201,178,145,120,132,207,245,250,227,172,128,148,177,180,185,199,205,193,172
177,161,142,141,160,157,143,127,134,183,235,252,251,240,210,140,129,151,169,177,186,179,165,159
188,181,148,115,107,97,90,105,152,217,241,248,247,242,226,168,110,88,105,118,125,127,142,169
188,171,148,132,123,107,92,105,147,197,221,230,232,229,222,176,117,85,91,102,113,138,169,187
180,159,140,127,109,81,70,79,99,120,149,167,170,166,166,150,115,89,96,127,149,167,178,182
174,147,121,101,79,62,76,89,82,64,79,93,98,98,112,145,147,120,94,109,135,156,165,163
171,138,102,73,56,62,97,113,93,54,44,47,57,74,109,166,187,156,98,77,93,121,138,138
166,133,91,60,50,71,106,122,108,73,50,44,59,97,149,193,206,175,114,68,65,88,111,115
159,134,95,62,50,62,86,101,99,82,67,61,75,111,159,192,199,174,122,75,58,74,97,103
155,138,106,75,59,54,51,51,52,52,52,52,58,74,93,110,118,113,97,75,64,82,103,104
140,131,107,84,74,72,65,60,59,60,63,61,65,77,90,99,107,114,112,95,85,97,111,110
119,117,100,83,83,92,94,93,92,94,95,94,100,114,128,135,143,152,151,126,108,108,115,117
105,108,93,76,79,91,97,100,104,113,119,126,134,143,148,151,162,174,174,148,123,113,115,119
