64,98,140,170,187,197,203,204,203,197,189,180,176,177,179,175,165,152,138,126,112,95,80,70
67,103,142,169,187,197,201,200,197,191,182,174,171,173,176,171,161,147,134,124,110,93,77,69
75,109,135,146,156,160,159,157,158,163,167,164,163,165,165,153,137,121,109,99,90,76,66,64
84,116,128,122,123,120,110,103,108,126,147,154,156,156,148,123,100,85,77,73,69,62,58,59
92,121,130,122,121,111,89,76,80,100,129,149,155,149,128,92,68,58,60,65,67,65,62,61
103,133,143,126,100,78,56,51,67,91,121,152,165,149,112,78,63,55,47,46,53,62,66,64
112,144,154,132,99,77,56,57,77,101,130,163,174,149,98,72,72,65,43,37,44,55,63,65
120,155,169,153,128,109,92,91,106,127,148,173,177,148,95,81,93,92,69,59,59,65,70,73
126,161,184,180,166,151,139,135,142,158,168,179,175,147,102,97,113,120,109,99,91,90,90,88
128,161,185,190,187,176,166,166,174,180,181,182,173,148,110,108,121,130,127,122,117,116,111,101
125,155,179,190,194,191,188,189,192,189,186,183,177,156,115,116,129,141,147,146,144,136,121,108
121,150,176,188,193,195,194,192,190,187,185,186,183,163,118,119,133,147,154,152,151,139,121,107
115,145,172,183,186,185,180,172,169,176,180,188,187,166,122,114,122,136,146,146,144,133,116,102
106,136,162,173,173,164,151,142,145,163,172,185,185,162,122,102,100,112,128,134,132,123,108,94
94,123,147,156,155,141,124,124,142,159,160,172,172,148,110,90,81,89,109,120,119,110,97,86
83,115,139,142,137,119,115,130,152,161,151,148,142,120,85,72,73,83,97,107,107,98,86,78
74,112,139,141,132,116,120,139,160,169,162,150,130,104,80,75,78,83,87,95,98,90,79,71
65,107,140,147,139,124,116,126,147,164,165,155,133,106,89,85,81,75,73,86,98,89,73,69
53,94,134,153,150,134,111,105,123,147,151,150,137,115,98,90,75,60,59,87,109,94,70,68
42,72,119,153,156,151,142,132,132,152,152,144,130,112,100,88,69,57,67,102,120,97,70,67
34,46,94,144,157,161,165,164,161,162,161,157,146,128,111,95,85,80,86,112,116,94,69,62
30,29,67,121,151,162,172,175,171,164,163,159,150,135,117,101,93,92,97,111,105,85,64,52
29,23,46,93,137,157,170,173,168,161,158,152,144,131,116,103,94,94,100,105,93,75,57,44
28,26,39,75,123,150,167,172,167,158,153,148,139,128,114,102,95,96,101,101,86,70,53,41
