86,110,137,151,156,166,177,185,192,203,212,220,226,227,226,221,213,203,193,184,174,159,125,87
109,148,177,184,184,189,194,199,205,211,217,222,225,225,219,209,193,178,167,160,152,143,118,86
122,158,175,169,162,162,167,176,189,202,212,218,220,213,196,171,148,131,122,120,120,120,109,88
117,131,130,115,106,108,117,132,154,179,197,207,208,196,169,137,114,99,91,91,99,111,110,96
103,99,89,77,75,83,95,110,131,156,179,193,194,182,158,135,119,104,91,89,103,125,128,109
98,93,85,77,73,78,91,108,125,142,166,184,189,177,158,141,128,111,94,97,113,137,144,128
107,103,94,84,80,82,95,111,123,130,152,180,190,177,159,149,144,135,126,130,142,158,160,146
122,118,111,105,106,109,120,130,132,130,144,176,191,180,163,159,160,160,160,164,171,180,176,160
136,136,134,135,143,148,153,154,147,137,143,172,190,184,169,169,173,178,182,186,191,197,190,173
151,156,161,165,168,169,169,165,155,142,145,171,191,189,175,176,183,190,194,198,204,208,202,187
164,173,184,188,186,182,178,172,161,148,149,173,192,192,178,178,186,194,200,205,211,214,209,198
169,184,198,203,197,191,185,177,165,152,153,179,198,195,180,178,185,195,203,210,216,217,212,204
165,184,201,207,202,194,187,175,163,156,160,186,204,199,182,177,181,190,199,207,215,217,212,206
153,174,194,202,199,193,182,168,158,163,170,192,208,204,186,177,177,183,190,198,207,211,208,203
139,158,180,192,192,184,172,158,154,169,178,194,208,207,190,178,176,181,185,187,191,198,200,197
124,140,165,181,181,170,160,148,140,146,159,181,198,199,180,166,165,172,178,176,172,179,187,188
113,126,150,167,164,152,145,137,128,123,129,148,168,175,163,154,158,167,171,165,157,163,173,177
105,115,136,152,149,136,131,129,125,119,116,126,142,154,154,154,160,164,161,154,151,157,166,170
99,107,124,139,141,129,121,122,127,130,128,128,137,149,158,163,165,160,149,143,153,164,169,168
92,103,117,131,144,136,118,108,114,128,135,141,148,157,163,164,159,149,137,141,163,176,175,169
93,105,113,123,145,150,133,111,104,120,138,150,159,167,172,171,163,153,148,160,178,184,176,167
96,111,114,116,138,155,150,130,115,121,139,156,169,178,182,177,169,163,166,180,189,187,174,161
94,114,117,112,127,149,157,149,133,128,141,158,172,180,180,173,163,160,164,171,172,165,149,133
88,113,119,113,120,141,155,154,144,135,142,156,167,171,169,158,147,142,143,139,135,125,108,93
