33,54,91,131,165,188,204,215,223,230,235,238,236,228,219,214,202,188,176,163,139,111,74,38
43,59,89,119,140,155,168,183,200,216,228,235,237,234,231,225,215,206,201,195,180,150,104,62
63,67,81,95,103,110,115,124,146,179,205,220,226,224,214,190,171,165,168,171,173,158,121,84
71,70,73,80,87,94,92,89,100,135,171,197,207,199,174,133,109,106,116,124,130,132,118,96
61,68,74,82,100,115,115,103,93,106,141,177,192,177,142,106,94,103,117,120,112,110,109,104
86,79,73,75,83,91,96,94,88,94,131,179,198,176,137,106,100,113,131,136,125,114,109,110
97,84,73,71,74,72,80,88,92,94,127,180,202,176,133,100,88,92,101,110,111,113,118,123
102,94,84,82,88,84,92,105,111,107,132,180,201,180,147,115,94,84,84,91,94,107,125,137
111,115,110,107,114,113,121,133,136,124,142,183,199,184,171,147,121,103,98,101,98,111,134,150
125,140,145,140,138,135,141,149,147,130,154,188,199,188,185,175,151,132,129,134,134,143,157,167
138,152,169,183,191,191,188,176,154,137,167,195,201,191,195,203,196,182,174,174,176,183,188,187
144,156,181,209,226,225,213,182,149,145,185,207,204,193,198,214,222,222,219,218,212,208,204,198
144,152,179,212,232,232,211,172,143,157,202,220,211,196,196,211,228,238,241,240,228,216,206,198
140,146,169,200,218,215,189,151,133,162,208,223,211,191,186,198,217,231,236,236,225,214,201,188
135,140,159,184,194,187,156,121,108,140,186,198,185,168,167,177,196,211,219,224,218,209,194,176
129,133,147,160,159,153,130,99,81,100,135,142,132,128,147,174,186,187,188,203,205,203,190,170
125,129,138,143,138,137,121,97,81,88,108,117,121,132,155,182,189,177,164,177,189,195,184,160
122,128,137,141,136,131,117,102,95,103,120,135,147,158,172,187,191,176,153,158,176,189,178,150
119,130,144,151,145,125,106,96,101,118,143,161,167,164,166,169,172,167,156,156,173,186,174,145
120,134,152,162,157,118,84,73,85,102,124,139,139,130,122,114,121,141,165,174,183,188,171,139
112,130,148,160,163,136,99,88,107,137,160,173,174,161,137,106,112,147,184,192,193,190,163,122
104,122,137,147,157,150,124,110,124,159,186,200,195,176,149,128,143,175,200,200,194,186,158,117
84,100,114,122,130,140,129,117,123,153,182,198,191,169,151,157,179,199,205,198,187,177,151,113
57,71,87,96,98,116,113,108,115,136,161,181,179,161,153,172,193,203,201,193,179,169,143,105
