160,167,169,163,158,151,144,147,167,199,223,233,232,226,221,213,205,168,113,107,112,121,127,129
184,192,185,164,145,136,147,170,184,179,204,225,232,225,215,190,183,175,155,145,153,167,174,171
198,181,163,138,104,108,143,173,184,178,164,191,203,179,153,164,168,161,148,129,119,141,167,172
194,161,145,123,74,92,144,171,176,190,140,168,188,153,104,155,170,155,130,86,64,99,136,131
189,180,180,158,102,111,166,191,186,190,152,188,224,202,135,161,178,184,167,92,87,134,148,104
204,202,196,187,179,177,187,193,190,178,142,184,226,205,137,140,172,194,185,154,148,153,151,139
216,216,213,211,214,212,211,212,198,159,156,195,225,207,144,119,168,212,208,200,195,191,186,182
222,222,223,226,229,229,227,219,198,167,179,205,222,209,163,137,166,208,226,225,220,215,210,205
226,226,227,231,236,234,225,207,191,193,196,209,218,210,182,173,171,189,222,233,229,221,215,212
227,229,229,228,229,225,207,191,192,205,200,208,217,212,187,182,185,187,196,224,227,222,218,218
186,205,214,211,206,199,206,214,213,203,197,205,213,212,197,180,193,210,205,187,190,200,204,200
205,218,225,224,221,217,224,226,216,197,200,212,219,216,207,181,197,222,225,211,211,215,214,209
229,233,237,238,238,237,233,223,209,195,197,213,223,216,200,182,192,216,234,237,236,233,227,222
227,233,237,238,238,235,226,214,202,195,189,201,211,202,179,179,183,202,228,236,237,235,230,225
224,230,235,237,234,225,219,214,206,192,187,188,187,181,172,178,187,201,219,231,235,233,227,220
218,223,229,230,225,218,219,218,214,209,212,213,211,208,199,195,198,206,216,225,230,228,222,216
211,218,224,225,223,220,220,219,217,217,224,225,225,222,211,204,204,206,211,223,225,223,218,211
208,216,222,223,223,223,220,218,219,220,223,226,227,224,213,207,206,205,206,219,221,220,213,205
210,217,223,222,219,215,208,207,212,215,218,221,221,217,209,201,197,194,195,210,217,217,210,200
214,218,223,222,210,195,170,165,177,188,202,210,208,200,190,174,162,156,162,193,209,212,207,199
219,219,224,226,218,205,182,173,180,190,205,207,207,207,199,176,153,146,161,189,210,215,210,204
221,219,225,231,228,214,197,188,190,198,209,212,213,213,206,189,168,161,176,198,219,221,211,202
216,217,224,232,232,217,205,199,200,204,210,215,216,212,206,198,186,181,189,206,224,222,207,197
209,213,221,229,230,219,209,206,208,207,209,211,212,208,201,196,192,188,190,206,222,217,201,193
