64,82,97,103,108,115,123,131,139,147,153,156,160,167,174,177,179,179,177,175,169,159,140,121
68,86,100,104,107,114,122,130,138,144,149,153,155,158,165,168,170,170,168,165,165,159,143,125
76,88,91,88,86,89,97,109,121,129,137,143,144,142,143,139,134,132,132,136,140,144,141,131
86,84,79,76,77,74,74,80,92,106,123,138,140,130,120,111,103,102,109,120,122,127,133,134
93,80,78,88,98,93,79,69,70,84,114,143,148,130,110,104,102,108,121,132,129,123,124,131
99,92,82,73,69,73,74,68,62,72,108,147,156,134,109,93,80,74,82,103,115,124,131,136
99,88,70,58,59,54,71,74,63,72,104,142,153,136,115,96,81,68,67,92,95,113,135,145
99,86,66,57,64,56,70,73,66,76,104,136,149,137,121,102,89,82,83,102,105,124,147,157
104,95,82,74,77,76,75,73,72,81,104,134,148,141,129,113,105,107,116,125,137,152,164,169
112,113,107,100,97,97,93,87,83,87,104,133,149,146,145,141,135,134,141,149,158,166,171,173
112,116,122,125,123,120,112,102,94,93,106,135,149,147,155,157,156,155,158,163,168,172,173,172
109,116,125,132,133,130,118,102,92,94,108,137,149,145,151,151,155,161,166,172,176,176,173,170
106,112,122,130,132,124,105,89,83,87,102,131,144,139,140,135,135,145,161,174,180,177,170,166
104,106,114,123,123,106,85,76,75,75,86,111,126,126,128,126,117,121,143,165,174,172,165,160
102,98,101,108,106,88,81,78,73,66,68,80,98,112,119,135,126,114,121,144,157,160,156,153
107,96,93,98,98,87,85,84,84,83,86,95,113,133,142,150,139,118,106,125,140,147,146,143
100,91,88,90,89,84,84,87,91,96,106,114,127,141,148,149,142,125,105,107,125,137,139,140
94,90,90,92,84,72,70,77,86,95,110,119,126,134,137,131,120,108,99,99,120,133,139,143
99,97,101,104,91,67,54,60,75,87,104,116,122,125,124,110,91,85,97,108,126,137,143,148
111,106,107,115,118,100,73,62,72,92,118,133,135,130,124,105,105,121,136,135,138,143,147,147
116,106,102,110,120,105,95,87,85,93,108,119,125,129,133,135,142,149,151,149,147,148,145,138
90,94,95,99,108,97,100,102,99,103,108,114,124,136,147,155,159,159,156,153,150,147,135,116
53,75,86,89,96,89,97,106,112,118,121,125,134,148,158,161,160,159,158,152,147,140,119,91
30,59,80,86,91,89,98,110,120,129,134,138,145,155,162,164,161,160,159,150,143,132,107,77
