82,89,99,107,113,121,128,134,137,139,139,138,139,141,143,145,147,148,149,148,141,129,114,104
82,88,96,101,103,108,117,125,129,132,135,134,134,133,130,124,116,112,114,118,119,117,112,109
81,99,118,118,92,87,91,94,97,108,122,126,125,120,113,114,99,85,85,94,101,107,106,102
88,118,150,143,93,75,69,66,66,79,98,112,113,105,103,121,101,74,69,79,88,95,94,86
100,124,148,141,98,76,67,63,61,62,70,95,102,91,100,123,101,66,53,59,67,74,77,76
73,77,86,84,64,47,44,47,51,56,63,100,111,85,73,85,77,54,38,44,47,51,64,82
75,70,60,53,52,41,46,54,60,64,68,107,123,97,64,72,73,64,56,64,64,68,82,96
80,77,64,55,61,59,63,66,66,67,76,113,133,111,66,73,76,74,77,85,89,97,104,105
80,85,82,76,78,82,80,75,70,67,84,117,136,121,77,76,80,84,90,97,108,117,117,109
84,98,100,91,89,88,88,88,82,71,91,120,135,125,98,82,89,99,102,110,124,126,120,116
89,103,108,102,96,94,91,85,80,82,92,118,133,128,114,99,94,97,103,111,116,120,120,118
87,97,103,101,98,98,97,93,87,85,92,115,133,132,119,108,100,103,114,123,129,130,123,115
84,89,96,101,103,105,100,93,88,88,94,116,135,135,118,107,99,101,114,129,139,135,122,109
84,86,92,101,108,107,93,82,81,86,91,110,126,125,107,99,94,93,101,120,130,126,113,102
93,86,87,96,99,89,80,82,82,70,74,85,93,89,76,87,103,105,97,104,114,112,102,93
145,101,80,87,89,82,82,84,81,71,70,68,69,74,83,99,109,110,103,101,107,104,95,89
201,118,75,82,87,84,80,79,78,74,75,77,82,90,101,110,108,100,95,98,106,103,93,89
233,131,75,82,89,84,72,66,65,67,72,81,89,93,95,93,87,82,84,98,108,103,93,89
238,139,80,81,89,80,66,58,57,58,65,71,75,75,72,66,68,75,87,102,109,101,92,89
236,147,86,80,86,82,79,79,81,79,81,80,80,84,92,96,100,105,108,109,106,98,89,85
236,151,88,77,81,81,84,89,92,88,85,79,77,82,93,104,112,115,112,104,97,90,83,79
217,135,81,74,76,77,82,91,99,100,98,92,91,98,110,119,120,114,105,94,85,78,75,78
166,108,73,70,70,71,75,86,100,109,112,111,112,119,128,130,120,106,93,82,73,66,71,83
106,88,72,66,64,66,69,81,96,107,114,119,122,126,131,125,112,98,84,74,64,59,69,90
