76,73,64,54,47,45,48,58,78,110,146,162,166,167,162,139,114,94,85,90,90,94,113,139
71,57,47,45,43,47,52,58,71,97,128,146,153,151,139,118,100,81,63,58,60,69,81,92
66,53,51,63,79,92,93,91,90,95,114,132,142,140,124,105,99,96,90,88,89,90,87,83
68,62,65,79,98,110,112,110,107,103,111,130,145,142,126,108,108,115,119,121,123,122,118,112
76,69,64,59,50,48,58,71,86,104,111,137,157,153,130,113,106,97,82,75,84,101,118,128
74,70,58,48,46,39,40,53,77,99,100,121,143,143,117,108,86,66,54,41,47,55,72,96
73,73,71,70,74,76,76,83,98,110,91,123,150,139,114,116,103,89,82,67,78,76,73,80
77,82,89,97,101,105,107,112,119,115,89,129,159,143,113,129,129,116,105,100,112,111,104,104
83,92,107,119,123,124,126,132,131,109,96,134,164,152,117,139,148,138,123,125,132,136,139,145
84,99,121,139,150,156,159,157,138,101,111,144,168,163,132,142,160,170,165,155,158,160,159,159
79,93,117,141,158,168,170,156,125,95,119,153,172,166,146,135,156,176,179,177,178,176,163,147
79,85,99,117,134,144,142,125,105,102,124,154,170,167,156,135,133,142,151,156,158,160,156,146
79,84,98,116,131,137,129,107,86,85,97,121,135,134,130,126,123,128,141,150,154,158,157,149
77,87,110,134,148,151,138,110,77,55,56,70,81,84,85,109,132,147,156,166,173,173,162,146
78,85,103,124,137,139,129,110,86,64,58,56,63,75,81,104,141,159,152,159,166,164,152,138
78,83,96,114,127,127,121,115,105,91,97,105,111,113,116,134,157,165,156,151,154,152,143,134
77,81,91,103,109,105,99,100,103,103,119,128,133,137,139,141,146,152,153,145,144,143,137,130
74,77,86,95,94,80,72,74,79,82,96,105,110,113,118,121,120,126,136,139,140,139,135,129
69,71,80,90,87,65,52,50,51,49,59,72,76,72,72,88,91,96,113,132,137,137,133,128
62,64,73,87,91,64,49,45,49,65,87,96,97,90,69,56,56,75,105,127,132,131,126,120
52,59,67,78,92,82,80,75,67,67,83,94,99,99,91,95,96,96,106,127,130,125,117,111
38,48,56,66,82,89,96,94,82,70,72,74,79,89,104,123,129,123,117,124,121,114,106,100
25,34,44,54,70,85,97,102,99,88,82,77,79,91,114,132,140,134,123,115,106,98,91,87
16,24,35,48,64,81,94,107,116,113,112,110,108,113,127,139,140,131,117,103,92,84,79,76
