129,150,171,182,191,205,212,222,235,240,237,236,240,242,234,237,240,237,230,227,219,205,181,158
152,173,190,198,204,216,222,233,246,247,237,237,244,245,233,238,242,236,225,221,212,199,178,157
158,180,195,200,206,217,222,234,247,248,239,235,240,243,231,231,225,210,194,187,178,170,156,141
147,165,175,178,184,191,198,211,226,232,233,227,227,228,215,199,177,159,149,146,146,144,136,124
135,144,146,143,144,142,148,163,182,199,209,212,211,202,178,144,117,107,115,128,140,144,137,122
126,127,126,123,116,102,99,109,128,151,178,201,202,176,141,122,114,112,110,109,119,134,137,127
130,131,127,118,104,86,84,93,109,131,166,201,205,174,140,131,130,121,100,85,100,124,137,134
143,141,132,120,108,91,96,107,117,136,167,203,206,178,156,152,153,144,124,111,125,145,154,152
158,154,144,135,129,118,127,135,139,152,173,200,202,180,170,172,175,174,167,164,172,181,181,174
171,173,172,169,167,165,164,162,160,165,175,196,199,183,179,188,193,191,186,184,189,198,199,188
177,182,187,190,191,187,180,177,175,171,174,194,199,185,179,191,201,206,206,208,210,212,205,191
177,184,195,205,208,203,195,189,182,173,176,195,202,190,182,187,200,212,217,217,217,215,205,191
173,180,193,207,214,212,203,191,179,172,181,201,208,196,184,180,188,202,215,217,219,214,202,189
167,174,186,199,209,209,195,179,167,167,183,205,211,196,181,172,171,182,200,209,215,209,195,184
159,168,182,194,201,192,169,155,154,156,172,194,197,179,163,162,164,168,178,189,196,194,184,175
151,161,174,183,182,164,147,149,154,141,136,148,151,137,129,148,167,176,173,165,171,176,173,167
137,150,162,166,158,137,135,145,150,134,117,119,123,122,125,145,164,172,165,149,144,152,160,158
125,138,150,149,135,117,125,139,144,139,128,127,130,134,141,152,160,160,151,137,129,141,154,156
118,131,142,139,123,109,115,126,135,146,150,153,155,154,156,159,155,142,128,129,134,150,162,159
112,126,140,144,135,118,110,105,109,131,145,154,159,161,161,156,140,115,103,137,162,174,170,159
106,116,134,150,157,148,134,114,106,131,156,176,191,198,194,176,149,129,134,166,184,181,164,150
97,104,123,146,165,174,167,147,132,142,158,182,199,203,195,173,155,151,164,186,191,176,153,139
83,93,112,134,158,181,183,172,159,153,157,175,186,182,174,159,153,158,169,180,175,155,132,119
71,86,105,124,145,171,179,174,164,158,160,170,173,167,161,154,149,150,155,159,150,131,110,98
