45,105,171,210,222,230,234,238,241,243,245,245,243,238,231,224,219,213,205,202,191,185,178,166
87,139,192,219,221,223,228,235,241,243,245,247,247,245,242,239,239,238,236,235,232,231,227,218
128,169,196,193,178,171,176,188,204,223,238,245,247,248,247,247,248,247,245,242,245,248,249,246
151,184,185,156,133,121,121,129,148,182,218,237,244,246,245,242,234,223,212,205,208,216,226,231
165,192,184,151,133,122,113,109,116,142,189,224,241,245,241,230,208,182,160,149,153,168,185,197
174,204,203,170,136,118,110,111,124,149,184,218,239,244,238,218,191,166,150,144,149,158,168,178
184,215,218,188,151,130,112,114,133,153,181,215,240,246,235,210,183,163,148,132,131,142,161,176
193,222,231,212,188,171,153,152,165,175,192,219,242,248,235,214,194,180,168,146,140,154,175,189
203,228,239,234,226,217,207,203,204,206,212,228,244,249,239,226,214,207,200,185,181,193,207,214
218,233,241,239,236,230,224,220,219,220,225,237,248,250,245,237,230,224,219,218,221,228,236,239
230,237,243,244,244,240,238,236,234,233,234,243,250,251,249,248,245,240,234,232,233,238,244,248
237,240,243,246,248,247,244,242,240,237,238,245,250,251,250,251,251,250,247,246,246,249,251,251
239,239,242,246,248,247,244,241,239,238,239,246,251,252,251,251,252,253,253,253,254,254,252,249
235,236,239,242,243,241,239,237,236,238,241,248,253,252,252,248,247,248,250,252,253,253,250,243
228,230,232,234,232,229,228,228,232,238,244,249,252,251,250,243,238,237,241,245,249,251,245,235
218,219,219,217,213,210,213,222,232,240,246,250,253,252,249,240,228,221,223,233,241,246,238,223
211,214,209,202,199,203,209,218,230,239,246,250,252,251,247,238,225,215,212,217,227,236,230,212
207,213,209,200,199,206,210,212,217,228,239,245,247,245,241,236,226,217,209,206,214,226,222,201
201,215,218,209,203,202,206,204,199,203,219,229,230,229,231,233,227,218,209,204,208,220,215,190
193,215,223,210,187,175,189,199,190,174,181,191,194,200,219,228,221,209,201,206,212,224,216,187
184,210,225,215,188,150,156,176,186,174,164,163,173,191,206,202,180,166,177,204,219,229,214,177
172,203,225,225,209,174,168,182,197,197,187,187,195,206,212,203,182,175,192,216,227,234,213,171
145,176,202,212,211,197,189,194,207,216,217,222,227,227,228,222,213,214,223,230,233,232,206,162
111,139,164,176,182,184,182,189,204,217,223,230,234,236,238,236,234,234,236,235,232,226,194,148
