53,60,79,92,89,115,147,173,196,221,236,242,237,219,194,163,132,109,98,96,99,101,90,70
65,70,78,85,90,109,136,165,193,214,226,230,223,205,177,148,122,105,98,101,106,109,96,70
76,84,88,89,91,98,116,140,167,188,201,206,199,181,153,126,107,99,101,106,110,109,95,73
85,95,100,96,89,86,94,110,131,155,173,184,180,160,131,108,97,100,107,105,101,94,83,71
94,99,98,90,81,76,80,91,108,131,158,179,178,153,121,102,102,112,116,99,82,74,69,61
84,86,85,79,70,68,78,90,103,124,157,187,191,163,129,116,121,134,136,106,82,79,77,65
78,79,88,90,78,82,98,108,111,125,158,192,197,170,137,126,130,140,142,119,101,98,94,82
80,82,96,106,98,104,117,122,120,129,161,194,200,174,141,131,134,139,140,127,117,113,106,96
90,92,103,114,116,122,129,130,128,135,166,195,201,178,146,137,142,147,146,139,133,129,121,111
104,105,109,117,127,134,141,140,138,144,171,196,202,184,156,150,159,169,172,168,164,157,148,139
122,126,130,136,146,153,157,153,147,149,171,194,199,182,159,155,167,181,189,189,188,182,171,163
135,143,152,160,168,173,173,163,151,150,171,194,198,181,159,153,162,176,186,192,196,194,187,180
142,153,168,180,186,189,182,165,150,151,174,198,202,186,163,156,156,161,169,180,188,191,188,183
141,155,176,192,198,197,181,161,149,156,180,203,208,193,170,163,153,146,150,163,171,175,175,172
133,153,177,194,199,192,172,156,152,159,181,203,206,187,162,154,143,138,142,151,153,153,153,151
122,142,164,178,181,171,156,144,137,138,154,170,168,146,117,107,114,127,139,143,139,134,130,128
106,125,144,153,156,149,140,126,111,103,112,126,127,110,84,74,83,98,112,118,114,108,103,102
86,105,118,122,123,122,116,98,76,65,73,93,105,95,71,56,53,60,70,78,77,73,71,73
68,84,91,86,84,87,80,62,45,44,58,88,109,105,76,51,37,34,37,41,40,39,40,43
58,70,68,54,47,48,44,39,41,56,83,113,131,126,103,74,53,43,38,33,28,24,23,25
44,53,48,32,26,27,35,48,67,92,118,139,147,140,123,102,81,64,51,43,35,28,22,20
38,42,33,20,20,29,45,63,83,105,127,141,147,145,134,118,97,78,65,60,51,37,25,20
45,40,28,19,24,42,61,75,88,106,126,141,149,150,141,125,103,85,76,71,60,45,31,24
56,46,30,22,31,53,72,83,92,110,134,153,161,159,148,130,106,89,82,72,57,46,37,26
