125,144,167,182,187,185,201,216,224,231,240,244,245,244,245,246,247,246,244,239,239,232,205,168
151,178,199,207,211,215,224,231,236,240,244,246,245,243,242,242,244,245,243,240,239,235,206,163
161,194,215,216,217,223,230,234,236,239,241,241,239,235,232,231,227,223,220,220,222,224,200,156
152,180,192,186,183,186,196,206,214,217,221,223,221,215,207,196,181,169,167,172,179,187,174,143
143,151,145,130,124,124,133,153,173,181,188,194,193,181,161,135,111,98,100,110,120,131,133,125
133,126,117,110,101,92,91,106,129,148,168,177,169,144,116,92,77,71,73,82,93,105,114,114
114,111,103,92,79,68,68,79,100,133,171,191,176,132,93,72,69,64,52,48,59,71,82,91
101,95,84,71,56,52,63,75,91,129,188,218,199,143,92,78,82,81,68,63,76,85,91,100
106,88,77,71,59,62,78,88,99,133,201,235,218,167,117,107,107,108,107,111,131,145,149,148
130,114,110,113,108,106,107,111,120,145,198,229,222,190,165,149,137,132,135,145,170,201,215,208
172,161,147,135,127,127,135,147,155,163,200,228,227,208,202,201,195,187,185,193,211,230,237,232
200,197,185,170,162,166,176,183,184,185,210,232,232,218,214,216,218,219,219,223,231,239,241,239
212,217,212,201,194,195,195,191,189,199,220,236,237,225,213,202,198,205,217,227,233,237,238,236
210,219,221,213,204,192,178,170,178,200,220,232,233,224,204,182,161,160,180,202,217,225,226,223
197,207,211,203,184,156,142,152,172,185,202,211,208,195,183,174,148,127,129,150,177,195,202,200
176,188,191,175,147,127,123,129,136,136,149,154,142,119,106,119,128,124,111,111,129,151,165,168
144,160,159,138,117,114,111,104,90,73,76,81,74,63,71,93,114,118,105,93,95,111,127,134
116,132,127,106,98,104,99,85,65,43,38,40,43,51,73,90,103,107,102,88,79,86,102,111
99,112,105,88,85,89,86,77,66,55,50,47,53,68,82,86,90,92,91,82,73,80,94,102
86,99,94,78,74,79,78,71,62,58,63,66,69,73,77,74,75,70,62,64,69,85,100,105
87,103,97,74,62,59,56,56,61,67,80,87,91,93,90,86,78,57,37,50,71,97,114,116
87,113,111,83,60,49,42,57,85,104,126,140,150,150,129,118,99,75,63,81,105,127,135,129
88,121,128,103,77,63,54,73,109,132,158,175,187,184,152,135,116,101,101,115,127,136,133,119
90,123,137,123,102,92,83,91,110,127,148,163,170,164,139,125,115,111,111,117,112,111,104,89
