112,161,212,239,244,241,240,239,238,236,237,238,238,235,234,232,227,221,213,204,197,192,181,164
140,180,218,235,233,227,224,220,216,215,220,224,224,221,222,223,224,224,220,217,216,215,206,191
163,184,202,204,191,181,182,176,162,156,165,176,178,175,177,179,186,195,199,197,201,208,208,201
164,168,166,156,142,134,139,131,112,103,118,149,162,150,134,131,136,147,157,149,153,166,176,177
146,146,134,119,116,116,117,110,100,100,121,178,208,182,128,113,107,114,123,105,108,120,132,137
122,127,119,105,97,100,100,96,93,99,121,173,202,182,130,102,97,105,111,103,107,111,112,112
112,120,115,104,102,109,109,100,92,99,131,189,219,193,131,92,80,82,83,80,81,87,96,102
118,134,134,123,119,122,121,113,105,114,155,213,236,201,132,96,85,86,89,86,81,83,94,105
138,162,168,156,146,136,132,130,132,144,187,232,242,205,142,116,112,117,120,119,115,111,114,122
164,188,197,189,179,161,154,154,159,172,213,241,242,212,161,140,139,140,139,145,152,155,154,153
189,200,215,216,196,180,173,167,166,187,222,238,233,206,166,144,148,157,163,176,186,190,183,172
201,213,222,220,210,196,180,164,168,205,230,241,232,203,160,135,139,151,163,184,203,200,183,170
195,215,225,220,210,183,162,160,182,220,234,238,227,202,168,138,126,129,140,162,180,177,163,156
174,198,214,207,182,145,134,156,190,210,214,212,201,185,175,147,119,107,113,131,141,144,143,141
148,163,169,156,130,121,130,144,152,154,155,151,142,134,134,130,118,105,103,125,142,146,140,132
128,136,135,123,109,116,124,123,112,98,95,90,78,69,76,94,105,103,96,106,127,136,130,119
107,114,114,108,104,108,109,106,95,75,63,51,41,40,55,80,94,96,91,93,108,118,113,102
88,95,96,94,93,91,88,88,84,71,57,42,35,40,57,76,83,83,81,81,89,95,91,81
72,78,75,68,65,64,65,67,68,64,58,49,44,47,56,66,68,65,62,63,68,71,67,58
58,64,52,33,28,32,46,57,58,53,54,52,46,40,42,48,46,41,38,40,41,44,45,41
49,50,38,22,17,20,47,76,89,84,88,81,68,59,58,56,38,21,19,22,24,26,26,25
44,43,38,34,37,47,73,106,133,143,153,147,132,116,102,86,50,22,18,25,30,29,23,18
39,39,42,49,62,82,97,117,143,168,187,191,179,158,134,108,70,41,33,38,42,37,26,17
34,36,42,52,68,91,99,103,116,140,166,180,175,155,130,106,81,61,49,45,43,37,26,15
