35,48,60,62,52,39,34,56,93,117,125,121,118,120,117,96,68,51,49,51,52,53,51,49
46,58,78,90,87,79,70,72,82,94,116,125,124,118,104,84,68,67,78,87,86,76,61,51
50,68,97,119,118,105,90,83,82,85,110,123,119,106,97,83,76,77,85,91,93,83,66,54
51,72,102,121,114,89,73,75,84,91,105,115,108,92,94,90,82,73,66,60,63,61,56,52
61,74,90,95,82,47,42,54,75,98,97,107,104,88,88,88,78,65,53,33,32,33,38,47
75,77,84,92,88,55,55,65,78,97,91,109,108,86,84,82,79,76,70,56,56,53,51,55
84,85,90,96,97,84,77,80,87,92,87,108,111,85,71,75,82,86,86,81,78,73,72,75
87,91,98,105,107,105,98,98,98,88,92,111,112,88,67,73,86,96,100,100,97,92,89,87
89,94,105,114,116,114,114,113,104,89,101,115,112,90,72,77,89,102,112,114,112,106,96,88
90,95,108,120,123,124,125,116,101,94,104,114,108,89,75,83,90,101,116,120,117,108,94,81
88,93,106,121,130,132,126,111,97,100,107,115,108,87,72,78,94,103,102,105,103,94,83,77
88,96,106,114,120,118,113,107,102,102,109,119,111,89,73,72,92,109,112,111,106,98,88,79
87,98,107,111,115,112,107,105,104,99,108,116,107,84,71,67,84,107,122,119,111,103,92,80
87,95,104,112,117,114,108,105,103,95,102,103,89,69,63,66,80,102,120,116,109,99,87,77
87,92,99,104,105,100,102,105,104,96,93,84,69,55,57,72,91,106,114,112,103,93,81,72
85,90,95,96,95,100,105,106,105,104,102,95,89,85,85,93,100,105,107,104,96,87,77,68
70,86,97,98,100,102,103,103,102,104,106,107,107,105,100,99,98,97,98,97,89,82,75,68
51,82,101,104,107,103,96,89,86,89,92,98,100,96,91,86,80,79,84,91,86,81,76,70
38,79,103,105,109,105,91,77,69,71,74,77,77,75,72,66,60,62,75,89,88,81,75,74
26,72,101,106,109,107,101,90,79,77,81,81,79,75,72,67,66,72,87,100,93,80,73,76
17,59,92,103,104,105,104,98,92,91,93,92,89,85,83,80,80,83,91,96,89,78,73,74
12,40,77,98,100,103,103,101,99,99,100,99,97,94,93,92,90,89,90,90,83,75,70,67
10,28,62,91,98,101,102,103,103,103,105,106,105,101,99,101,97,91,87,83,75,69,64,58
10,26,56,84,95,97,102,105,106,108,111,115,113,106,102,105,102,95,87,78,69,64,59,51
