117,132,148,156,159,180,189,198,207,209,205,209,214,213,203,193,181,168,156,142,128,116,94,65
165,189,204,206,208,217,222,226,226,220,209,206,208,208,201,194,182,169,158,147,135,124,103,75
198,222,234,232,231,231,231,231,227,220,208,203,202,202,196,187,174,159,147,139,131,120,102,83
202,220,228,222,216,211,208,208,208,206,203,203,201,193,180,164,146,132,123,119,113,101,84,72
193,211,217,207,195,186,181,181,186,194,202,209,202,179,151,123,106,99,100,104,97,81,60,45
186,204,209,201,192,183,176,176,183,194,208,217,204,169,125,94,91,105,119,120,107,83,62,55
190,205,210,205,198,187,179,181,192,208,219,224,207,165,115,88,106,138,151,135,112,85,65,59
193,209,213,207,203,194,188,193,207,222,227,228,210,167,116,95,125,163,171,148,120,92,73,67
198,214,218,211,208,203,201,208,220,230,229,228,212,173,125,109,137,169,175,158,135,111,94,88
209,224,230,225,222,218,217,222,230,231,227,227,215,181,135,124,141,163,172,167,156,144,130,119
218,232,238,236,234,231,231,233,234,230,227,227,218,189,144,129,138,155,167,172,172,166,154,141
222,235,242,241,241,239,238,238,235,230,228,229,223,196,150,129,133,146,159,168,173,169,157,145
219,235,244,244,243,242,239,236,232,228,228,231,225,199,152,124,119,129,144,159,165,161,149,139
208,231,244,244,243,238,232,228,225,223,224,225,217,191,146,111,97,101,120,145,155,151,138,128
195,225,242,242,238,228,218,216,217,215,212,207,193,164,121,88,73,74,92,127,145,143,130,116
183,217,236,234,227,211,208,213,216,206,197,186,166,134,95,70,58,56,69,106,134,137,121,103
165,209,232,225,213,201,209,221,226,219,209,193,169,134,94,70,57,51,59,89,123,130,110,86
148,200,227,217,203,201,216,230,236,234,228,215,193,164,129,100,78,63,60,79,117,126,101,72
136,193,222,211,199,205,220,232,237,237,234,227,217,201,177,147,114,85,69,78,117,127,100,65
122,185,218,209,200,204,215,223,227,227,225,222,217,209,193,167,134,101,81,85,125,135,104,64
110,179,215,206,192,187,195,204,211,217,220,220,215,206,190,159,121,90,76,90,134,142,107,65
111,178,214,204,187,181,187,196,204,215,225,228,224,216,200,164,120,88,81,106,153,152,108,63
120,179,213,208,194,193,198,200,203,213,223,226,222,212,195,161,124,99,95,120,151,143,99,57
127,178,212,214,207,212,214,209,203,207,211,210,202,187,165,140,122,110,107,120,123,114,85,50
