23,23,23,22,20,18,24,43,67,89,114,130,144,154,154,153,154,153,149,150,149,156,148,120
20,21,21,19,17,17,28,51,77,98,123,139,150,154,144,134,122,117,122,128,129,134,131,117
23,20,18,18,21,26,34,53,77,93,120,142,157,157,136,117,101,99,111,123,137,144,129,100
34,32,33,37,43,48,47,54,68,80,107,140,162,162,137,112,97,96,103,115,140,152,131,91
49,58,68,72,71,70,66,62,61,72,98,138,166,166,142,111,92,80,71,73,91,106,109,104
68,72,64,51,48,48,64,65,55,63,89,134,164,161,134,108,85,69,56,35,39,54,77,98
80,61,46,41,44,53,75,76,63,66,89,130,157,156,140,130,110,92,81,65,71,83,97,107
92,76,67,68,72,79,86,82,73,74,93,132,155,153,149,148,135,121,113,107,115,126,135,141
105,110,110,108,108,105,96,87,81,81,95,136,159,154,155,154,149,143,138,137,141,150,164,174
116,120,122,121,119,115,109,97,86,84,95,137,161,157,158,159,161,162,159,156,159,164,172,179
108,114,125,134,136,132,116,101,90,86,99,141,165,160,159,162,168,170,168,169,172,176,181,184
96,107,123,137,143,136,119,100,86,87,109,148,169,164,155,151,154,164,174,173,180,186,186,180
86,100,118,133,139,126,107,90,82,89,120,153,172,172,156,149,137,136,152,158,169,178,177,168
80,94,112,123,125,107,84,76,82,90,122,148,167,172,155,152,127,107,110,127,142,153,155,152
80,91,103,108,103,87,74,74,79,83,106,128,142,145,138,134,129,111,91,100,117,130,135,135
82,87,94,97,92,75,76,81,81,77,81,93,103,108,114,127,136,130,110,88,96,110,121,124
80,83,88,91,85,75,80,85,85,84,90,102,111,119,132,143,150,147,133,107,91,97,111,116
79,82,88,91,84,82,86,89,91,96,110,123,132,140,150,152,152,149,142,127,102,101,112,117
79,83,93,97,88,90,88,87,90,97,110,124,134,140,144,141,134,128,128,131,123,122,127,129
80,82,99,110,100,93,75,63,65,76,88,113,130,134,138,133,109,92,101,133,139,145,148,144
81,79,102,128,129,110,91,74,67,84,105,139,159,157,152,140,125,126,146,158,159,157,154,151
80,78,96,127,146,126,109,91,79,86,104,128,140,144,153,146,142,153,169,168,163,155,149,148
74,78,87,110,140,128,115,102,90,88,96,105,111,123,145,148,153,162,168,167,157,146,140,141
66,76,80,92,122,117,111,104,97,97,98,104,114,125,139,151,160,166,168,165,153,142,137,138
