65,105,141,160,171,177,184,196,212,227,232,236,234,228,227,219,213,201,185,176,158,145,134,123
84,109,133,147,154,154,155,165,185,210,224,233,233,229,230,223,213,203,192,185,175,164,151,137
96,100,106,112,116,109,106,112,131,161,187,203,207,202,195,176,158,147,143,141,139,137,133,130
91,84,88,100,106,87,77,76,85,108,133,151,159,155,140,113,92,82,81,82,86,90,97,106
79,75,100,139,153,109,84,75,75,79,89,103,112,114,106,90,79,72,67,68,76,80,83,90
80,80,105,142,154,103,72,65,72,78,83,95,103,102,100,89,78,66,57,57,72,89,95,91
81,84,99,115,118,89,68,65,74,83,84,97,102,99,105,100,91,77,62,57,63,78,88,87
89,97,105,109,108,102,94,88,88,94,101,127,132,113,112,114,113,105,93,87,78,77,84,91
100,111,123,129,132,135,132,120,109,108,126,169,174,138,117,126,134,135,133,129,111,97,99,111
106,115,134,151,156,156,150,138,123,119,146,186,192,157,122,132,145,153,155,154,139,127,128,137
114,118,141,165,171,170,163,149,132,127,160,196,201,173,137,140,155,166,167,165,158,148,142,144
115,117,141,170,177,173,160,139,127,142,173,200,205,185,161,149,150,157,165,170,169,156,143,140
118,115,134,159,163,153,140,127,130,158,184,205,207,192,177,162,154,152,156,163,166,156,145,142
126,121,132,148,146,128,121,125,140,164,191,209,207,191,176,169,166,160,156,162,165,165,161,155
138,143,154,161,152,133,127,128,134,149,183,203,197,175,161,158,164,172,177,186,195,197,186,167
132,139,151,154,138,118,114,109,101,103,134,154,144,120,121,136,156,169,172,178,191,195,180,157
121,129,136,131,111,93,84,74,63,62,84,98,92,76,81,97,122,139,145,151,166,172,161,140
111,120,124,112,87,68,58,49,43,44,60,67,64,56,58,65,83,98,106,114,134,147,141,122
103,116,121,105,72,51,47,48,49,56,70,72,66,58,55,56,61,67,70,79,107,130,128,108
99,111,117,100,63,46,49,60,74,85,100,100,90,76,67,64,60,57,58,64,92,121,123,102
92,105,114,105,79,69,65,78,105,129,141,139,132,125,116,104,86,79,86,94,111,125,119,96
86,103,116,116,108,108,96,94,111,141,162,167,165,162,152,136,122,121,131,135,135,133,122,106
72,90,105,113,120,126,117,106,110,134,158,168,171,171,162,151,148,154,162,158,148,136,124,117
52,69,83,93,106,113,113,114,120,132,144,151,157,159,156,153,155,160,163,156,145,133,121,115
