115,128,138,143,151,155,172,190,199,202,226,231,233,238,239,229,210,187,167,154,144,138,139,144
111,117,119,118,123,124,127,146,172,186,202,217,223,217,205,179,157,142,133,129,122,120,123,124
106,123,133,137,143,141,128,128,144,165,180,203,211,197,175,146,133,134,140,147,147,143,136,128
108,133,153,164,175,174,156,138,132,144,166,192,199,183,157,143,143,151,163,177,178,168,151,138
117,127,133,138,149,161,151,139,133,131,153,180,187,167,143,146,148,147,149,157,147,135,126,123
121,109,100,101,111,124,132,134,134,141,138,157,161,143,137,151,139,128,129,107,97,89,90,99
134,108,86,86,104,120,138,144,143,143,130,143,145,130,136,162,154,138,132,110,92,75,76,93
145,126,109,109,126,138,149,150,143,134,128,140,140,127,135,158,163,157,151,142,124,106,105,119
152,149,146,147,152,155,154,149,137,123,129,141,138,127,133,144,158,167,168,170,160,151,149,153
158,162,163,162,161,156,156,153,140,123,132,138,133,124,133,143,153,162,169,175,173,168,163,159
163,168,170,169,169,170,171,167,150,125,144,149,138,125,128,157,168,167,168,170,174,179,178,171
163,171,176,179,182,188,193,177,146,129,157,172,158,130,123,154,184,193,183,177,181,184,180,171
164,173,181,188,196,203,199,169,132,127,151,168,156,129,127,144,178,203,203,195,191,187,179,170
165,174,183,192,201,201,185,153,125,123,132,138,133,125,135,142,162,188,207,208,198,189,180,171
157,168,179,186,187,174,167,154,139,133,126,125,128,132,137,156,172,178,180,197,192,185,177,168
151,164,175,175,168,164,161,156,153,155,163,163,161,160,159,163,169,170,169,178,179,176,171,164
143,156,166,164,157,158,157,157,161,167,181,184,180,176,169,163,162,163,163,162,165,166,161,155
136,151,163,163,155,143,138,140,144,149,161,166,163,157,153,151,153,157,159,155,159,159,152,144
134,152,168,172,160,123,105,105,113,122,135,139,136,131,129,131,134,141,151,159,164,158,147,140
139,153,175,186,170,128,87,84,116,148,166,169,170,167,140,121,100,102,135,169,173,160,149,148
149,154,174,190,178,149,116,106,118,135,140,143,148,146,125,117,120,135,160,184,180,164,155,158
151,155,171,185,176,154,137,131,135,140,138,138,144,147,137,135,142,155,171,190,180,166,159,161
145,153,168,177,171,150,144,148,154,158,159,159,163,167,161,157,155,158,167,187,175,164,159,157
136,149,164,172,168,148,147,154,162,169,176,178,179,178,171,165,161,160,165,182,170,162,157,152
