36,16,6,7,9,17,35,68,106,137,155,160,155,145,135,129,130,133,134,135,121,103,83,65
44,18,5,8,13,25,50,85,119,143,154,158,155,148,139,134,132,130,129,129,119,103,82,64
50,24,13,18,23,33,49,70,92,114,133,146,151,145,130,116,102,93,90,92,92,89,80,68
53,37,31,37,44,52,52,51,60,84,110,130,139,134,111,87,69,59,56,59,64,71,73,70
59,54,54,61,72,91,87,74,74,98,118,122,122,117,93,78,71,70,71,71,69,66,65,65
73,70,68,71,86,119,121,107,106,139,155,134,114,109,98,95,95,96,99,104,102,93,83,76
81,76,69,66,72,96,101,95,95,110,115,114,113,112,104,106,115,111,93,93,94,92,88,84
86,80,72,68,71,80,86,87,86,88,83,96,107,106,98,103,114,106,81,74,78,81,84,88
91,88,84,83,89,93,98,100,98,95,84,94,104,100,89,97,103,98,85,78,80,83,88,92
100,101,102,104,111,115,121,121,114,102,85,104,121,113,93,101,107,108,107,106,106,108,106,102
111,115,119,122,129,133,137,134,121,102,89,112,129,119,101,112,121,126,128,126,125,122,115,107
114,118,124,133,142,145,146,138,118,97,95,119,133,123,107,118,133,141,142,141,141,136,128,122
118,118,126,138,146,147,142,127,108,94,102,125,135,126,110,117,135,147,148,149,148,144,138,135
120,119,129,142,147,144,130,112,99,96,109,131,139,129,115,115,129,141,144,146,143,141,138,136
115,120,135,149,151,143,126,111,103,102,115,137,144,133,122,116,121,130,134,133,130,128,125,122
110,115,128,142,144,135,124,113,103,95,99,111,113,107,117,116,125,136,143,145,146,143,133,122
106,110,120,128,128,123,119,111,97,84,86,92,92,89,100,111,128,141,146,145,146,143,131,118
103,108,111,111,110,109,108,102,92,83,88,92,92,91,94,109,128,139,141,138,137,132,121,108
101,106,104,98,97,94,93,92,92,94,102,106,107,105,105,113,123,129,131,128,127,123,112,100
99,106,103,95,91,83,82,87,94,101,113,119,118,115,112,109,108,110,114,118,119,119,111,100
98,106,109,103,90,71,70,80,91,96,103,109,109,106,106,101,95,93,98,109,116,120,114,101
98,105,113,113,101,79,76,90,107,114,118,120,119,117,116,104,85,79,92,110,118,123,117,102
90,96,105,110,106,92,86,98,119,133,146,150,149,145,137,117,89,82,101,117,121,123,114,95
78,83,91,97,98,91,86,92,110,131,160,176,177,167,150,128,105,100,115,123,123,122,107,83
