182,182,184,191,200,206,213,218,221,223,226,227,227,225,221,216,210,204,199,196,192,186,182,182
175,168,162,161,165,174,186,198,207,213,219,221,220,216,208,194,178,163,154,152,154,156,162,172
163,145,133,128,125,127,133,145,164,186,201,206,206,199,181,152,128,115,113,119,129,138,151,165
159,141,131,129,124,116,110,114,133,160,181,191,192,184,163,133,111,104,112,126,139,150,160,170
171,166,163,161,157,149,141,140,146,157,173,185,188,182,171,159,144,135,135,147,161,172,179,181
179,169,147,121,102,96,109,132,153,167,181,197,200,188,174,156,131,104,89,97,120,151,175,183
182,167,142,121,112,108,120,136,153,173,195,219,219,196,177,160,144,131,124,131,140,159,179,189
189,179,163,153,153,150,153,159,168,185,209,234,232,207,191,179,172,169,169,174,176,184,193,199
200,200,196,191,186,185,185,189,194,203,220,241,238,218,211,206,199,194,194,196,201,208,210,208
209,213,215,211,204,202,206,209,211,213,225,242,239,223,222,221,217,213,212,215,219,221,219,215
212,216,223,229,228,225,223,219,215,216,228,244,241,224,220,222,223,226,230,235,231,225,220,215
213,218,225,232,235,230,226,218,213,218,230,245,243,225,217,216,221,226,230,232,230,226,219,213
211,217,223,228,230,226,220,213,211,219,228,242,240,226,218,214,218,224,225,226,226,223,216,209
207,212,218,222,222,220,215,209,207,212,217,227,228,220,215,213,218,222,222,222,220,217,211,205
200,204,210,214,216,216,216,207,193,187,192,202,204,197,192,203,216,221,219,216,214,209,203,198
195,197,202,205,208,211,213,205,188,173,174,180,182,180,183,201,216,219,213,209,208,204,199,196
191,192,196,199,201,205,208,206,197,185,179,176,177,184,192,205,213,212,206,202,202,201,197,194
189,189,192,194,195,197,202,205,204,199,192,184,185,193,202,208,208,204,199,198,199,198,196,194
188,187,188,189,187,187,192,197,199,197,194,192,191,193,198,199,196,193,192,195,197,196,194,193
187,186,186,187,183,176,170,172,179,185,188,189,189,188,185,176,167,171,186,194,196,193,190,191
187,183,184,187,184,171,150,148,167,187,200,204,205,202,190,165,153,165,188,194,192,188,189,193
188,181,180,185,188,182,164,157,167,185,197,202,204,204,195,176,172,182,194,193,189,186,190,198
190,181,178,182,188,192,186,177,174,183,193,196,198,199,195,191,195,199,198,192,188,186,192,202
190,184,179,180,185,190,189,184,182,188,199,202,202,200,195,194,197,199,197,192,188,187,193,203
