136,137,139,138,139,161,170,188,214,227,230,233,230,224,222,216,208,185,153,136,133,132,127,121
169,177,175,164,156,160,169,176,184,204,224,232,228,218,207,177,171,167,157,161,168,165,156,148
190,176,160,143,123,128,148,166,173,176,193,214,211,186,172,160,146,133,123,126,151,169,172,167
187,157,136,113,76,99,142,173,178,164,164,198,194,152,146,165,157,121,81,68,118,145,154,167
181,173,167,139,88,119,173,192,177,168,169,203,196,150,144,167,186,155,87,72,136,131,121,162
196,191,182,174,168,169,181,191,180,146,175,213,209,163,128,174,189,172,147,134,149,137,140,175
210,208,204,203,207,204,204,205,182,129,177,217,211,159,99,173,205,201,194,185,184,178,179,193
218,217,219,223,226,225,225,209,177,152,189,217,211,168,118,166,208,224,221,215,210,205,204,207
224,222,224,230,235,230,222,196,176,191,203,216,211,186,165,165,195,224,232,227,219,213,212,215
223,226,226,226,226,220,196,187,194,196,204,216,211,190,176,181,188,203,225,226,221,219,216,212
186,200,207,204,198,196,205,210,203,192,203,213,211,196,173,190,202,197,187,200,208,209,200,187
205,214,220,219,216,216,223,218,201,193,208,217,217,204,179,193,214,219,209,215,217,214,204,192
226,230,235,237,237,235,228,212,196,193,210,221,218,202,181,187,213,233,236,234,229,224,214,202
223,229,235,237,236,230,220,205,192,189,201,212,205,186,176,179,203,226,235,236,232,227,215,202
219,226,231,231,227,215,216,207,191,185,185,186,180,172,173,181,200,218,227,232,230,223,210,194
211,217,223,223,217,216,216,213,208,208,211,209,206,201,193,197,204,213,221,226,224,218,203,187
204,212,219,220,218,219,216,215,216,218,224,225,221,214,205,205,204,209,218,221,219,213,197,181
203,212,218,218,217,215,212,211,214,216,223,226,222,214,207,205,201,205,215,216,215,207,193,179
205,214,219,216,208,200,194,195,202,208,214,214,211,206,196,192,186,191,206,210,211,204,192,183
210,214,220,218,201,179,155,156,177,190,193,188,185,182,170,154,139,149,183,202,211,206,196,189
213,215,222,226,216,196,171,170,188,202,209,208,207,204,187,160,152,168,197,213,216,209,198,187
212,214,223,230,225,207,192,189,196,206,214,217,216,210,196,174,175,189,206,222,219,209,192,175
206,210,220,227,223,208,203,200,199,204,210,213,210,203,196,185,187,195,206,223,215,203,177,144
199,204,214,221,220,208,203,202,204,207,210,210,207,201,199,194,189,193,206,218,208,196,160,108
