80,112,156,191,211,221,224,229,235,237,243,247,250,250,250,249,246,241,235,230,221,200,160,118
95,132,179,213,230,237,240,242,243,244,245,248,248,246,244,238,227,211,195,185,182,179,162,137
113,140,164,178,190,197,205,215,224,228,230,232,228,215,195,173,151,131,113,102,107,120,131,131
114,119,115,108,112,120,126,142,163,180,191,197,186,160,128,97,76,64,56,49,55,72,93,107
93,86,75,66,62,66,59,65,88,118,148,164,148,111,86,65,59,61,64,62,64,73,84,89
84,88,83,70,57,57,56,58,69,100,160,194,170,114,82,56,38,31,35,47,49,64,79,79
82,77,66,53,40,36,40,48,62,95,156,187,162,105,76,49,36,32,38,62,67,75,83,83
92,83,71,60,49,44,48,53,66,100,170,207,179,113,78,61,57,59,66,83,89,98,106,108
121,115,103,91,81,77,76,75,83,117,201,244,215,141,92,88,89,91,95,101,113,132,144,142
163,159,138,115,105,100,100,102,113,146,221,248,225,169,112,112,116,116,116,127,154,178,182,168
190,204,188,158,147,148,158,161,165,191,237,251,233,193,144,141,151,158,163,182,205,213,200,178
192,218,225,213,208,210,215,200,189,222,246,252,237,205,169,145,153,174,192,209,222,220,205,187
180,199,223,238,240,235,214,183,181,234,250,253,235,201,168,134,129,145,168,189,198,199,192,179
162,166,186,209,213,196,155,138,168,230,245,246,227,193,161,127,104,102,118,145,155,163,162,152
140,148,149,145,139,115,100,131,184,209,222,219,202,185,180,131,106,103,110,123,132,132,128,123
121,136,147,143,124,97,96,113,130,133,145,140,125,115,122,118,118,117,116,129,134,127,115,110
106,126,145,143,119,108,123,116,87,68,71,66,58,59,80,108,134,143,136,134,139,128,112,106
99,118,137,135,116,123,136,111,63,36,30,27,26,34,60,92,123,138,136,134,142,130,112,105
96,113,128,127,114,120,114,86,50,30,27,27,27,33,51,71,84,93,105,125,138,128,111,106
93,108,126,130,109,83,76,66,49,35,41,43,40,38,49,60,58,55,65,100,122,119,108,104
91,104,124,129,99,59,46,45,44,41,41,39,37,38,42,47,46,45,56,86,108,109,103,102
85,99,116,117,95,70,68,72,72,65,58,55,58,64,69,76,77,76,78,88,100,103,100,98
76,93,105,106,102,103,117,122,110,90,77,72,77,88,99,112,116,112,104,93,92,94,92,90
69,88,101,106,114,131,151,151,128,98,79,70,73,86,103,122,127,122,110,92,85,83,82,78
