19,32,44,50,53,58,65,73,80,85,88,89,89,91,94,99,102,99,89,75,52,34,25,20
20,38,48,43,37,43,53,65,76,85,87,88,90,91,94,96,97,94,87,76,68,61,48,33
22,40,43,33,30,31,36,41,49,62,74,83,88,85,77,68,60,55,53,52,54,56,55,50
24,40,42,34,34,30,26,23,25,37,58,76,85,78,58,41,28,23,26,32,37,41,49,60
26,44,52,47,39,33,31,29,30,36,48,70,85,79,56,45,37,34,36,41,48,52,55,59
30,49,50,37,30,30,29,28,28,31,40,67,85,81,56,43,37,31,24,27,31,43,56,65
35,52,53,44,45,50,53,48,37,33,39,64,83,79,59,49,46,44,44,52,54,57,65,73
45,55,57,56,61,66,67,59,46,40,44,67,83,79,67,60,60,62,67,75,76,75,78,83
53,58,62,64,69,71,68,61,54,49,52,72,84,82,76,75,75,76,78,82,84,87,90,91
53,59,65,70,75,77,78,74,64,54,56,74,84,82,81,87,87,85,85,87,90,93,93,92
66,66,68,74,80,82,83,77,65,52,61,79,87,81,77,87,92,94,96,98,101,101,96,92
80,71,69,75,81,85,79,65,53,55,66,84,90,82,79,70,80,95,101,105,109,107,99,92
92,75,67,72,77,79,66,52,47,52,67,80,80,72,68,61,68,82,95,102,105,104,97,89
97,79,65,64,68,65,52,48,50,46,62,65,63,60,58,71,67,67,80,88,92,92,89,84
92,84,68,56,55,51,46,48,52,49,50,53,61,71,80,86,77,66,64,75,81,82,80,76
83,81,67,51,45,44,44,47,51,53,58,64,71,78,84,84,79,68,56,55,64,71,73,71
75,76,68,55,45,37,33,36,43,46,54,58,63,67,69,67,62,53,46,47,60,70,73,75
70,71,69,63,55,40,32,31,36,41,50,54,58,62,59,55,49,47,51,52,69,76,77,81
66,69,70,70,68,54,45,40,39,47,57,61,66,71,65,60,58,64,71,65,80,83,80,84
57,77,78,68,69,61,52,49,52,58,65,67,70,74,79,75,77,79,79,79,84,83,81,82
37,76,81,64,66,60,56,55,57,62,69,72,74,78,83,82,84,87,87,84,80,80,79,74
28,59,73,68,65,62,61,63,66,70,78,82,84,87,89,88,88,89,88,82,77,77,73,64
41,43,61,76,67,69,66,68,74,77,85,89,92,94,94,92,90,87,83,78,77,73,64,56
63,40,55,80,70,77,69,68,75,78,85,90,92,93,95,94,90,83,77,76,78,69,58,56
