164,160,127,88,73,63,63,67,76,96,114,125,131,133,128,105,83,70,70,80,96,109,119,127
176,168,144,114,94,89,81,76,76,79,99,119,131,132,119,103,95,95,98,106,113,115,112,111
184,188,177,146,106,84,70,67,68,66,82,111,133,134,112,100,95,89,82,91,100,107,109,106
179,193,178,134,86,53,42,48,58,58,68,106,137,137,110,94,83,65,44,49,67,85,101,113
163,163,123,72,50,35,35,47,55,48,62,105,138,137,110,88,79,65,43,37,57,71,90,118
146,120,92,76,69,60,64,70,67,56,69,107,137,140,121,101,91,85,78,81,98,111,124,137
142,119,102,97,92,90,90,84,74,68,78,111,137,141,130,121,114,110,110,116,127,135,142,148
142,124,115,116,114,115,111,99,85,78,83,113,137,141,135,135,133,130,128,133,140,145,150,152
140,122,117,123,127,130,125,112,94,82,89,117,138,141,135,139,142,140,137,139,145,150,153,152
139,121,114,120,126,131,126,111,91,82,104,127,141,141,130,135,140,143,143,147,151,152,151,149
168,132,113,118,126,129,120,98,83,98,125,136,142,144,129,120,124,134,142,148,152,152,150,145
191,146,115,113,123,121,106,80,83,145,158,138,122,120,112,109,107,113,126,139,145,147,144,139
210,170,128,111,116,111,92,69,78,134,132,124,110,95,93,106,107,102,104,122,132,135,134,131
224,199,153,116,108,102,87,73,70,76,74,103,112,94,93,111,120,109,92,104,114,120,121,121
221,217,179,130,104,97,91,85,80,79,89,98,106,114,124,126,126,118,101,90,99,108,111,110
203,211,190,144,101,91,88,87,87,88,98,106,111,119,133,134,131,122,107,90,88,98,106,105
189,190,175,141,98,85,75,79,89,86,90,96,100,104,109,108,107,99,88,83,84,101,115,116
191,172,156,138,104,88,62,57,74,90,95,103,111,114,115,110,95,78,71,87,96,113,127,128
204,168,151,143,118,102,64,39,51,95,113,128,139,146,151,144,107,79,84,106,116,126,133,132
201,177,157,143,123,114,93,67,55,74,93,106,118,127,127,116,97,99,121,119,125,130,131,130
147,175,175,147,121,112,98,81,70,74,90,101,109,114,117,110,112,121,129,126,130,130,127,126
74,158,187,152,120,108,98,86,77,80,92,100,105,109,117,119,126,131,131,133,133,128,121,116
31,124,175,155,119,103,97,91,85,89,97,103,108,113,123,130,132,133,134,136,131,124,113,99
32,90,146,154,116,97,95,96,96,98,103,110,116,121,127,131,133,134,135,132,125,119,104,83
