61,89,147,203,231,243,246,247,249,250,252,253,253,254,252,250,244,239,235,233,233,229,217,203
83,102,156,210,228,234,237,242,247,249,250,252,252,251,247,242,231,220,212,210,211,213,210,200
100,116,157,195,200,197,200,211,227,239,246,251,251,247,239,226,210,195,187,188,191,195,194,188
106,123,153,177,179,172,171,181,201,221,236,247,249,241,229,212,195,182,175,178,184,189,186,179
115,130,158,182,190,184,177,179,188,202,222,240,245,234,220,208,195,180,166,163,175,190,195,188
131,150,173,184,172,149,148,167,189,197,212,234,242,231,217,208,191,155,112,99,119,155,184,194
145,166,177,166,139,104,101,140,188,204,212,232,240,232,223,218,201,156,102,92,117,154,185,202
159,181,187,171,147,122,121,156,199,212,215,230,238,232,228,226,215,185,148,142,162,185,204,215
172,195,206,201,192,186,190,204,218,220,219,231,237,232,229,230,228,219,208,207,214,222,227,229
182,205,223,228,229,229,231,233,230,225,222,233,239,233,230,235,237,235,232,233,236,239,240,238
189,211,231,241,244,245,246,244,238,229,225,235,241,235,231,238,244,245,243,243,245,246,244,241
190,212,234,246,250,251,250,247,240,231,227,238,244,236,228,234,244,249,248,250,250,249,245,241
187,211,234,247,250,251,250,245,237,228,227,239,245,237,225,227,235,244,249,251,251,249,244,239
181,208,234,246,248,249,247,240,229,222,225,238,244,237,225,221,224,233,243,247,248,247,242,237
177,205,233,246,248,248,241,230,220,217,222,236,242,235,221,218,220,224,228,237,242,244,240,234
173,202,230,242,242,237,226,220,215,206,208,220,226,218,207,212,221,223,218,220,229,234,232,227
167,196,223,235,232,221,217,219,220,211,202,202,204,205,207,219,228,227,217,209,213,221,223,220
158,188,215,225,221,209,210,217,220,216,207,200,200,206,213,219,220,211,199,198,205,213,217,214
142,175,206,220,217,207,199,196,200,207,211,212,215,219,216,209,198,179,166,190,209,217,215,210
119,152,195,224,229,219,176,150,158,184,201,212,220,224,219,210,198,179,169,201,222,225,218,210
95,125,179,224,237,234,203,175,172,196,216,230,238,239,234,222,208,198,200,223,233,229,217,208
79,94,153,216,236,241,227,205,193,202,217,232,239,239,233,223,214,213,221,234,235,226,212,200
55,64,124,196,228,239,234,221,208,204,211,223,231,231,226,221,218,221,229,234,230,220,202,186
27,45,104,175,218,234,234,225,216,210,213,220,226,229,227,225,224,226,230,232,227,213,192,173
