127,154,172,175,177,178,185,194,202,208,215,219,221,222,222,220,217,214,212,212,215,218,193,149
155,185,200,195,189,181,181,188,199,208,214,217,218,216,214,208,199,190,187,190,200,211,198,163
173,197,204,192,176,151,137,144,168,193,206,210,210,206,200,188,163,140,135,150,173,194,191,167
174,189,192,180,166,137,117,121,147,180,195,201,201,197,188,174,145,120,117,140,166,184,181,162
170,185,191,189,186,179,170,167,173,186,193,199,200,193,185,180,169,161,162,176,188,193,182,161
170,186,192,186,179,173,167,167,175,186,197,208,210,202,192,187,181,167,151,150,166,181,179,163
174,185,184,172,159,137,136,153,173,183,195,207,209,199,187,184,178,154,122,119,142,164,172,167
179,185,182,173,164,141,142,160,177,183,190,206,211,199,184,182,179,161,136,137,155,170,176,175
184,189,190,188,187,178,177,181,184,184,189,210,219,205,184,184,186,183,177,181,189,194,192,187
192,198,201,201,200,197,193,190,188,183,192,215,226,211,183,185,191,193,194,198,204,210,209,203
202,204,206,207,207,204,201,200,196,186,197,217,224,212,188,190,200,206,206,209,214,217,215,209
208,210,210,210,210,209,210,208,202,193,204,220,226,216,199,195,203,211,213,215,217,218,216,212
209,212,212,211,211,212,214,209,201,199,210,223,228,220,207,196,200,209,213,214,214,213,212,211
204,209,210,209,209,210,209,202,196,201,211,224,228,221,209,195,194,201,206,207,206,204,204,205
197,204,205,203,203,202,199,196,196,201,208,217,219,214,208,196,190,190,195,197,196,195,196,200
193,206,211,208,207,206,202,198,193,188,189,195,191,180,181,187,189,191,195,199,201,201,201,203
189,205,213,210,209,206,201,197,187,171,166,166,152,135,148,179,192,193,194,197,199,201,202,202
183,202,211,208,206,202,200,197,187,163,145,141,129,117,142,182,198,197,192,192,194,196,197,198
175,197,208,205,202,199,199,197,185,155,119,113,113,118,151,186,200,196,188,186,189,191,192,192
167,191,204,201,199,194,191,182,158,114,66,57,63,79,118,159,178,177,168,170,183,190,190,188
157,184,199,197,191,175,156,138,111,67,33,44,54,51,62,102,129,123,103,118,163,187,189,185
148,177,196,194,177,128,98,86,75,47,34,56,65,51,45,70,91,82,57,74,147,185,185,177
134,166,190,190,163,92,66,73,82,72,76,96,104,93,86,91,97,84,58,66,134,168,164,152
118,153,182,185,156,91,81,102,120,121,129,143,153,152,146,139,133,114,88,86,124,142,133,118
