63,71,82,91,95,94,99,105,112,121,131,130,127,128,130,125,126,125,120,120,120,112,103,98
64,71,81,87,84,82,84,90,97,102,112,115,117,116,106,96,89,90,95,101,109,110,104,98
67,71,73,68,56,51,51,54,59,67,80,92,101,99,78,63,50,46,52,58,68,84,95,97
68,66,58,46,34,29,25,25,30,40,55,76,94,93,66,49,38,31,30,36,43,59,79,92
64,53,44,42,41,35,30,30,33,39,51,77,103,105,72,58,54,52,52,61,68,64,68,83
60,52,50,52,49,41,38,37,37,44,54,80,108,111,76,59,54,51,49,55,68,76,78,78
57,52,45,44,55,61,46,38,42,46,56,83,113,121,87,63,59,69,71,39,38,55,70,73
66,59,49,50,65,73,60,52,55,55,64,85,114,128,101,79,70,78,83,53,44,55,73,83
79,71,68,74,82,84,82,78,73,71,73,88,114,133,114,100,89,86,89,87,83,84,93,104
83,83,90,100,105,107,105,98,90,84,78,92,119,138,121,113,112,114,112,109,112,114,115,116
85,92,103,110,113,113,112,106,96,82,78,95,126,144,122,110,115,124,127,127,128,129,126,119
86,95,103,108,113,116,116,107,92,78,81,94,120,138,121,108,109,122,134,134,135,136,133,126
83,91,98,104,111,117,115,102,82,70,63,72,91,105,93,91,94,112,136,139,138,136,132,127
78,86,94,101,109,112,110,94,73,60,37,41,56,62,56,71,84,105,132,140,137,131,123,118
77,82,90,99,106,108,103,90,72,58,44,41,44,50,57,80,99,113,124,130,128,123,116,111
75,82,89,94,99,103,102,94,77,54,31,27,31,33,32,62,96,117,122,125,119,115,112,108
74,81,87,91,93,98,92,77,56,34,21,23,27,25,20,35,66,95,112,119,113,110,108,105
70,77,85,89,88,83,65,45,32,26,28,36,40,39,31,29,37,57,83,104,107,107,105,101
63,70,80,85,79,59,32,20,26,37,48,57,63,64,55,46,30,26,46,81,97,103,101,95
62,65,73,77,65,38,22,22,31,41,58,69,74,74,67,49,34,26,31,59,86,97,94,89
61,62,68,70,61,40,35,43,54,62,76,86,92,95,93,77,61,45,37,58,83,90,85,81
60,60,64,68,67,57,59,65,67,65,67,68,71,75,83,86,84,74,64,73,86,84,77,77
59,58,61,67,72,66,69,75,76,69,61,55,53,57,71,86,93,90,84,83,86,80,72,72
57,58,60,65,70,60,62,74,85,86,79,73,69,72,84,92,93,89,83,80,81,77,70,66
