44,45,40,34,33,35,45,64,85,100,115,126,130,129,121,114,102,88,78,78,95,108,110,106
55,56,57,61,69,68,64,66,77,94,109,122,127,124,113,101,94,94,100,111,124,128,123,115
66,67,70,77,85,86,84,82,82,90,105,119,126,124,114,102,98,101,107,115,127,133,130,123
73,69,64,63,66,66,75,86,90,88,102,119,130,130,119,107,99,89,80,80,93,103,109,115
75,62,44,36,41,34,41,64,85,85,99,123,140,140,122,102,82,59,40,45,60,63,73,95
71,60,56,61,68,60,71,85,90,85,96,124,148,151,133,113,95,80,70,75,96,102,103,110
77,73,72,78,83,86,93,101,102,89,94,121,145,151,142,122,107,98,97,105,120,130,134,137
84,86,90,94,97,102,106,110,107,93,93,118,141,150,148,137,124,115,113,120,133,147,156,158
87,94,104,111,113,112,115,114,105,94,93,117,141,152,152,151,141,130,126,129,142,159,168,166
89,96,109,120,123,124,123,114,102,94,94,118,143,153,153,155,148,143,142,143,150,165,172,167
85,93,105,118,126,129,126,111,94,89,98,123,144,151,147,147,146,144,145,147,153,165,169,162
84,90,102,115,126,130,119,98,83,88,104,127,146,152,141,134,131,134,143,146,155,165,167,159
84,88,98,112,124,124,101,81,78,88,99,119,137,144,139,134,117,116,136,142,153,161,161,155
85,86,94,107,118,113,86,71,73,77,80,96,108,114,122,130,110,104,127,136,146,152,152,148
89,86,90,101,110,104,88,73,61,53,61,68,73,73,72,92,107,115,122,131,140,145,146,144
88,84,86,94,103,103,100,91,81,78,88,92,100,110,112,121,131,130,124,129,137,141,141,137
89,82,81,88,97,103,104,98,93,96,108,110,117,133,139,142,143,139,131,129,131,134,134,133
90,81,77,82,90,99,92,86,84,85,93,100,107,118,131,137,137,135,133,129,127,128,130,130
90,79,75,78,83,90,73,62,60,57,60,75,83,84,99,110,111,113,123,126,126,128,129,128
82,76,74,77,81,85,66,50,49,60,69,73,74,76,76,72,64,73,100,119,126,128,127,125
61,66,71,75,78,83,76,65,57,62,82,90,94,97,96,90,90,92,98,116,123,125,123,120
38,54,65,68,73,79,80,74,66,65,74,79,84,91,98,103,112,113,107,112,116,117,114,111
22,40,55,61,65,73,76,75,72,72,73,74,77,83,93,107,118,120,115,108,106,104,102,100
16,31,47,56,60,68,73,74,76,81,92,98,97,96,102,114,120,121,115,106,97,92,91,91
