123,156,189,210,222,234,236,238,241,239,241,241,240,241,244,237,234,228,215,210,202,189,174,165
126,161,188,200,210,222,226,233,239,239,238,240,242,242,244,234,223,208,189,180,176,169,159,153
122,155,165,157,159,162,167,181,202,222,229,235,238,234,222,199,169,143,129,125,127,128,127,125
113,139,143,127,117,102,101,116,145,180,200,213,215,204,180,153,117,90,82,88,94,102,107,107
107,125,140,142,127,95,88,92,104,126,146,162,162,149,135,126,116,100,86,95,105,114,116,111
105,117,121,121,124,109,108,104,95,87,89,90,88,89,100,109,115,115,108,101,115,116,108,102
109,135,141,139,147,129,126,127,121,103,83,82,82,88,124,132,138,144,139,110,133,145,135,120
122,156,167,163,165,135,134,144,144,126,120,145,138,111,136,146,151,155,149,120,142,161,157,141
131,162,175,169,162,133,139,154,153,138,171,218,199,133,129,143,151,150,142,126,136,153,159,152
126,152,162,154,146,138,154,165,159,149,204,234,206,152,139,148,155,151,138,125,124,141,156,152
132,148,148,138,143,151,164,176,175,164,222,240,216,171,129,143,156,155,147,142,137,149,160,158
137,149,151,146,149,168,178,175,170,184,236,241,224,188,120,125,147,161,161,158,150,156,161,156
134,148,161,163,160,175,178,161,158,206,242,243,230,203,146,120,125,145,159,162,154,155,156,148
130,143,158,164,161,165,160,150,164,221,239,240,225,202,181,131,108,115,137,147,145,148,149,143
146,139,138,141,143,141,137,158,192,209,218,215,195,168,152,136,119,110,113,120,130,141,148,149
162,157,162,166,157,141,133,140,146,136,153,148,124,99,83,81,98,114,116,111,129,139,139,136
167,162,165,167,157,144,156,151,122,95,94,87,73,60,58,55,72,91,94,86,103,117,121,119
159,158,160,158,149,133,142,130,98,74,58,57,54,48,51,49,53,58,58,58,79,101,111,109
138,147,156,159,149,104,80,68,62,56,50,58,61,52,46,50,48,40,33,44,80,108,115,109
104,113,139,164,156,80,51,48,55,66,70,77,78,73,68,66,60,51,44,47,98,127,125,112
92,89,116,157,163,90,58,57,69,85,96,106,109,107,104,89,80,85,97,97,123,132,125,118
90,77,95,136,159,122,115,122,129,131,138,142,143,140,137,124,117,128,146,136,132,126,118,114
86,71,79,112,143,147,168,183,182,169,162,157,152,148,145,139,139,151,161,145,127,115,108,105
77,68,73,97,128,148,175,191,188,171,156,141,133,131,129,126,133,144,148,133,119,108,102,99
