40,82,132,163,174,193,199,203,211,222,234,240,240,238,238,238,237,235,230,227,222,215,184,139
62,112,166,195,200,209,213,216,219,225,233,234,231,228,226,218,209,201,194,193,196,203,182,140
83,140,186,195,182,170,168,179,198,212,222,224,218,207,186,152,131,126,133,149,164,177,167,135
95,150,180,170,144,114,99,112,149,186,209,215,206,180,135,83,60,66,91,121,142,155,150,131
104,147,169,158,137,103,70,67,101,159,202,215,199,156,100,60,49,60,84,108,128,146,148,134
113,156,174,157,130,98,68,57,81,142,205,225,202,149,85,52,39,37,43,57,81,120,145,144
133,170,171,131,89,64,46,41,64,129,211,239,216,156,83,54,47,45,44,53,79,121,153,161
158,190,183,139,97,79,72,72,95,153,223,247,227,179,119,93,92,93,90,96,119,152,177,182
184,212,210,178,147,129,126,134,159,200,238,246,232,206,175,152,145,142,138,143,164,191,205,202
209,231,229,203,176,154,152,174,207,231,245,246,234,219,213,195,172,155,149,157,183,211,223,215
225,240,243,229,213,203,208,221,235,244,250,246,233,221,224,232,229,221,217,221,230,238,233,220
233,242,246,243,238,234,234,229,229,242,249,248,235,219,217,231,242,244,240,241,242,240,231,220
231,239,244,243,241,236,224,209,207,229,238,238,228,214,210,209,218,226,226,226,224,222,216,209
222,232,234,229,223,212,187,170,176,199,202,199,193,190,195,177,170,177,188,191,191,190,189,188
208,218,216,204,193,173,136,123,135,143,132,129,126,128,145,130,111,111,129,141,146,149,155,160
193,204,197,175,154,123,94,97,115,108,90,82,77,77,97,107,94,79,78,87,95,106,119,131
181,197,184,149,118,87,77,104,135,119,84,64,58,66,94,122,112,82,60,59,67,80,96,110
170,193,179,134,96,69,76,116,151,135,95,69,62,72,99,124,114,81,52,46,55,69,86,98
156,188,180,135,95,65,72,102,126,119,99,82,73,76,89,94,81,58,42,42,53,68,84,93
143,175,175,143,109,72,58,57,62,71,82,84,84,84,82,71,57,47,46,52,61,74,86,90
121,144,152,142,125,93,80,77,75,73,83,90,90,87,89,92,94,92,86,76,75,80,86,89
103,112,121,127,129,114,117,128,131,122,123,125,123,120,128,140,146,144,131,109,94,87,88,90
95,92,95,107,124,128,148,169,177,168,161,154,148,147,157,169,172,167,153,128,103,90,87,88
96,88,83,92,117,134,160,180,185,175,164,150,141,140,149,159,164,160,147,125,98,85,82,80
