63,75,93,106,110,116,129,146,162,169,170,169,170,174,172,171,172,171,166,162,160,156,143,128
67,74,78,78,76,79,90,107,127,148,163,167,169,169,158,145,138,134,132,128,130,141,142,129
69,61,54,49,44,46,53,66,89,120,144,155,157,149,130,112,93,79,74,75,84,100,117,124
67,51,44,49,54,61,63,67,79,101,122,138,141,129,106,94,78,65,62,65,72,76,90,111
66,56,57,74,96,109,110,104,98,97,111,129,135,123,101,97,104,111,115,115,111,99,92,94
72,63,60,59,53,55,62,74,88,102,113,138,148,132,103,102,95,85,79,83,100,113,114,107
68,66,58,51,48,39,46,60,77,96,107,132,143,127,102,86,72,54,42,52,62,84,98,93
68,69,65,62,65,61,65,74,84,93,104,132,138,118,108,86,74,66,62,72,66,73,88,97
73,78,85,91,94,98,100,105,103,93,107,141,140,113,118,112,105,101,104,112,105,100,106,118
75,88,109,125,130,130,132,132,117,86,115,149,145,117,121,144,139,119,110,120,130,139,137,125
77,93,118,140,153,158,156,145,121,93,126,156,159,139,124,152,165,165,162,163,166,158,142,128
76,87,111,135,150,158,155,133,106,102,137,164,167,147,122,142,165,178,182,179,176,156,134,126
73,82,102,123,133,137,126,107,94,103,135,159,162,148,131,125,134,147,156,160,163,149,130,122
71,80,98,116,122,115,96,85,83,83,103,125,130,125,130,113,105,109,122,135,147,145,132,118
69,76,95,115,124,113,101,79,53,38,48,64,67,64,81,115,125,126,135,146,149,140,125,114
69,73,86,103,113,109,104,92,76,64,66,69,78,93,108,135,145,133,116,132,135,129,119,113
69,71,82,95,102,97,95,95,95,93,101,102,109,123,129,133,140,131,112,120,124,121,116,114
68,70,81,93,94,82,77,81,86,88,102,107,110,115,119,118,121,120,117,120,124,122,117,115
64,67,81,95,93,69,59,59,60,62,75,83,83,82,85,94,97,105,119,127,130,125,118,113
57,62,76,94,101,66,48,43,50,72,92,96,92,82,61,54,69,96,121,133,130,120,111,105
45,55,66,83,101,84,78,71,65,73,89,96,97,95,89,97,97,107,129,133,123,112,102,96
32,43,52,65,85,88,93,89,78,72,75,79,84,93,108,126,127,124,126,121,109,98,92,90
20,29,39,49,66,82,93,96,93,85,82,80,84,97,119,133,138,130,113,98,88,81,79,81
13,21,31,43,60,78,90,101,109,109,112,111,110,117,130,136,134,120,98,79,69,67,68,70
