38,63,100,133,153,166,182,198,211,218,223,227,229,230,227,216,208,197,184,180,163,153,144,133
64,71,99,130,147,162,179,197,211,217,223,228,231,235,236,231,224,215,205,200,188,177,163,148
83,78,86,102,112,128,147,169,186,194,207,222,233,236,230,218,203,194,192,193,191,177,158,144
87,81,74,70,73,85,109,139,160,164,173,195,212,212,191,164,143,137,150,169,183,170,145,130
90,87,78,70,72,77,103,137,158,148,130,143,159,156,129,100,82,87,120,164,196,191,160,131
110,102,106,118,124,122,131,140,141,131,110,113,122,121,113,98,78,85,128,184,221,223,190,150
112,115,126,136,134,121,127,141,147,136,118,126,140,141,125,113,89,86,124,184,210,198,165,139
103,106,109,109,104,93,108,138,154,137,131,155,179,177,144,124,92,76,96,138,150,132,113,112
96,94,89,84,82,80,102,134,148,132,139,177,210,207,166,137,104,79,76,91,96,86,84,98
105,118,123,119,115,116,127,138,141,135,143,187,224,224,192,171,147,123,109,109,114,114,116,122
138,161,177,176,167,165,167,168,159,143,167,206,233,235,217,184,170,165,158,153,155,163,169,169
163,180,199,208,205,201,192,175,161,164,196,225,241,242,233,203,179,176,190,194,195,199,200,195
174,184,198,210,211,205,183,164,162,181,197,217,230,233,229,217,191,180,193,210,217,213,206,200
175,186,195,200,200,189,159,145,152,161,154,170,188,191,185,195,192,184,186,205,219,216,205,199
174,189,201,204,202,190,160,127,103,92,85,103,121,118,100,117,150,181,198,206,217,223,218,206
162,178,190,193,189,181,164,135,106,97,97,105,114,118,110,109,136,175,202,202,205,215,213,196
142,155,164,165,161,156,150,137,124,126,134,139,145,151,149,138,148,173,193,191,183,188,189,180
122,130,136,136,130,124,127,132,141,154,167,177,184,189,186,173,168,170,173,170,159,155,155,153
104,111,119,118,109,97,103,120,141,158,176,190,200,204,200,188,174,160,148,142,138,131,124,123
88,100,113,117,105,84,81,94,113,129,144,160,174,182,180,173,160,143,126,116,121,123,118,111
83,93,116,133,126,101,84,87,107,129,146,154,164,175,176,161,139,115,100,104,121,135,130,110
80,86,108,132,141,131,113,112,130,153,171,180,188,194,193,175,150,127,117,127,141,151,138,108
68,74,89,110,131,138,129,128,142,159,174,186,194,197,195,185,169,156,152,158,158,154,130,94
51,61,72,85,104,118,116,117,124,134,143,153,161,168,174,174,170,166,167,167,159,143,110,75
