54,98,153,193,212,228,238,241,240,241,241,242,242,243,243,243,243,240,232,218,210,199,183,166
72,112,161,196,211,224,234,237,238,239,241,242,242,241,239,238,237,234,227,216,209,201,187,174
92,131,169,188,193,197,202,208,215,221,229,233,233,229,222,215,208,200,192,188,189,190,186,178
105,144,168,168,162,152,149,156,171,189,207,217,217,209,196,180,163,147,139,146,155,163,168,171
111,148,160,147,137,115,104,108,128,156,183,198,201,193,174,151,124,104,102,119,131,135,142,154
113,150,166,160,157,139,120,115,125,145,169,187,193,185,167,147,129,119,120,134,146,150,152,155
122,157,170,156,136,101,74,78,105,131,163,197,208,191,168,147,130,105,81,87,115,142,160,166
141,171,180,162,133,98,74,84,113,134,174,217,227,200,171,150,139,115,82,85,115,149,173,181
167,189,195,180,160,141,128,134,149,158,197,235,238,209,180,162,157,148,132,136,153,174,190,195
191,202,206,199,185,173,169,173,179,188,217,241,239,217,198,185,178,173,170,175,183,195,204,205
202,205,210,214,214,205,205,205,202,206,230,245,241,223,206,205,210,211,206,206,212,213,210,208
207,207,215,226,235,231,229,221,210,213,237,247,241,226,209,210,223,234,235,233,234,227,216,209
207,207,219,234,242,239,235,221,208,213,239,247,242,230,212,210,221,235,244,244,241,231,218,208
203,204,217,232,235,230,221,210,203,212,235,243,241,234,217,213,213,219,228,234,232,224,213,205
201,200,207,217,219,210,199,198,204,213,224,231,232,227,220,217,207,199,201,211,214,209,202,198
202,198,200,205,203,192,191,196,200,197,199,206,208,202,197,198,200,198,193,195,201,198,192,190
209,202,197,194,191,186,193,200,197,181,174,180,184,180,175,182,195,201,194,185,190,191,187,185
218,208,197,188,184,185,196,203,199,183,169,170,173,173,173,183,198,205,198,184,183,185,185,183
223,213,197,184,183,185,192,199,201,194,181,175,175,178,184,193,199,200,195,185,180,182,185,182
225,217,197,181,183,180,180,182,184,183,179,175,175,176,178,180,179,174,169,176,181,184,183,179
226,223,201,181,184,184,173,161,158,172,180,184,185,185,184,182,172,154,145,173,187,186,180,178
225,228,207,182,183,188,182,164,153,167,187,198,201,200,199,191,173,158,160,184,188,181,174,174
230,233,212,186,182,188,191,180,167,172,191,203,207,207,207,196,179,174,187,192,185,174,169,172
241,236,213,189,182,187,190,188,184,183,189,196,201,202,202,193,184,184,192,191,182,172,169,173
