47,63,79,90,98,104,111,120,131,142,149,153,153,150,151,151,145,136,129,126,125,125,120,111
70,70,77,87,91,92,96,105,118,132,145,153,156,154,155,154,151,147,142,142,146,150,149,143
88,69,61,65,66,64,63,67,78,95,118,137,146,146,142,133,128,125,124,131,142,154,162,161
88,61,43,40,39,36,33,34,41,57,84,110,126,128,117,97,84,77,77,88,101,117,132,140
78,55,40,35,31,26,27,30,36,47,66,93,112,113,95,69,50,38,35,40,48,58,74,91
64,58,50,43,35,28,31,36,43,51,66,93,115,117,92,66,46,33,26,26,32,40,53,67
66,71,73,72,68,65,66,67,67,67,73,97,118,120,93,69,52,39,30,28,33,43,57,70
77,88,98,101,99,96,95,94,91,85,81,96,114,117,98,83,73,65,60,61,67,73,82,91
91,102,117,124,121,115,112,111,106,96,85,94,109,115,106,103,101,99,99,103,110,113,115,118
105,113,129,141,143,139,131,123,112,95,86,98,116,125,120,119,121,122,121,122,128,136,140,140
112,117,129,143,149,144,132,121,109,93,88,105,124,131,130,131,135,140,143,148,153,158,159,154
114,115,125,138,143,135,120,107,97,88,91,114,132,133,129,127,131,140,149,158,164,169,168,161
111,107,113,124,124,113,101,91,86,85,98,122,137,136,128,118,115,123,139,154,162,169,168,160
103,95,95,100,95,88,83,77,73,79,99,121,131,128,121,108,98,100,117,138,149,157,158,151
91,80,74,73,70,74,74,64,52,56,79,99,102,94,89,90,89,87,89,109,123,132,134,131
82,67,56,55,60,67,71,64,52,44,51,60,63,64,70,79,82,77,70,78,94,106,112,112
76,64,55,52,55,62,66,66,60,50,47,49,58,68,77,82,82,74,62,57,67,82,93,96
76,72,66,58,51,50,56,63,65,60,56,60,70,79,82,80,76,68,57,47,51,66,81,86
77,82,80,68,52,41,49,60,68,70,70,76,81,80,74,66,60,57,54,48,49,60,73,79
67,79,84,81,74,62,63,73,84,93,91,92,92,87,75,56,47,50,57,59,61,64,66,66
52,64,76,83,84,76,76,81,90,102,103,103,99,92,86,72,69,73,75,72,67,63,59,55
41,50,65,78,85,82,80,82,90,101,107,107,101,95,90,85,84,85,81,75,64,58,53,47
33,40,53,68,78,78,75,76,81,90,97,98,96,92,88,89,88,85,79,70,57,50,45,38
28,34,45,57,68,70,69,67,69,74,79,84,85,85,86,88,88,85,78,65,53,45,37,29
