67,95,120,131,136,149,161,172,180,185,188,190,191,191,190,187,181,171,157,146,131,111,86,63
81,108,132,147,162,174,184,190,193,193,193,193,193,192,191,189,185,176,162,148,130,110,90,77
95,115,135,150,164,170,174,180,187,191,192,191,190,188,184,178,171,162,151,142,127,109,93,85
98,111,127,137,140,136,135,144,160,176,183,185,182,176,166,149,135,126,123,125,121,109,94,82
91,105,118,121,112,103,104,113,129,149,165,173,171,158,139,113,92,85,91,103,110,105,92,81
98,106,108,100,89,85,90,100,110,120,137,154,155,138,116,90,74,69,70,73,85,92,91,88
102,108,102,86,76,73,81,92,101,105,114,140,146,126,104,89,84,84,82,77,81,91,95,90
108,116,109,95,92,93,97,101,104,106,106,135,145,124,104,102,108,114,114,107,102,107,106,96
117,127,125,119,124,130,128,123,119,119,114,139,149,130,113,121,132,140,143,140,133,129,120,106
124,138,140,137,145,151,148,144,141,136,131,147,153,139,124,134,144,150,152,155,151,143,129,113
128,142,149,152,160,166,170,167,156,142,143,151,153,144,131,134,148,160,165,167,161,149,130,114
126,140,152,159,169,174,175,167,150,134,139,150,154,147,131,121,132,151,163,166,161,146,127,113
120,134,149,160,171,173,166,150,133,126,130,144,153,148,126,111,115,133,152,159,157,143,124,110
115,127,143,158,167,164,148,130,120,121,120,129,140,138,118,110,112,122,136,148,150,140,122,109
111,122,138,153,162,152,131,120,120,118,108,108,113,114,105,109,118,123,124,131,137,133,120,108
103,115,131,143,145,132,118,117,126,130,124,123,122,120,118,119,121,120,114,115,123,124,116,106
102,111,124,131,129,117,114,119,129,134,135,136,134,128,123,117,111,107,106,109,117,120,114,104
100,108,119,123,117,107,104,107,115,125,132,137,138,133,125,114,96,89,98,110,119,121,114,105
91,105,119,123,117,104,91,86,95,119,133,141,145,145,139,122,91,79,97,118,127,127,118,106
85,105,122,130,132,122,105,94,104,141,161,176,180,174,164,140,107,96,113,132,137,133,121,106
76,100,122,135,145,140,128,115,112,128,145,160,162,153,147,126,108,107,123,138,143,136,118,100
68,93,117,133,146,147,138,126,119,121,133,143,144,137,135,121,112,114,126,138,140,131,109,86
60,83,108,125,138,143,136,127,123,124,132,136,136,133,130,120,112,111,117,123,121,111,89,63
50,74,100,118,131,139,134,127,123,126,133,134,134,130,123,114,106,102,102,102,95,86,67,43
