32,49,68,82,91,96,102,107,111,114,120,120,122,126,129,133,136,139,142,138,132,119,94,69
44,57,70,76,76,77,76,78,83,87,109,121,124,119,108,104,102,101,100,102,109,113,105,89
55,60,62,63,65,67,63,61,64,70,94,113,120,110,89,78,74,72,73,80,91,100,103,103
62,61,57,56,60,59,57,57,61,69,83,102,113,107,85,72,64,59,60,70,83,92,100,107
65,65,64,61,53,40,40,50,62,71,83,100,113,113,97,80,62,45,38,50,71,93,107,110
62,58,48,38,35,24,39,48,51,71,81,104,124,125,102,78,57,36,25,43,48,67,93,108
65,62,55,51,52,46,57,62,65,80,86,110,131,133,113,88,69,56,53,70,74,85,102,115
74,74,74,74,77,77,81,84,85,89,93,114,134,139,123,108,95,87,88,98,106,112,120,127
83,88,92,94,97,101,102,103,101,95,98,114,134,142,131,129,122,116,116,120,125,132,136,136
87,96,105,111,116,118,118,117,112,102,98,110,128,140,138,139,139,139,138,139,142,146,145,139
82,93,106,117,124,126,127,125,114,96,88,102,123,134,131,135,140,144,145,148,151,149,143,137
77,87,101,114,124,128,130,119,100,84,83,104,128,136,124,119,128,141,147,151,153,147,136,129
75,82,94,107,118,124,119,100,80,80,79,99,120,127,119,110,111,124,142,146,146,139,129,120
77,79,86,98,110,113,98,75,65,77,70,81,94,101,104,107,98,104,127,134,132,128,121,114
77,74,76,84,95,96,76,62,57,52,54,62,70,73,74,92,101,103,107,118,118,115,111,109
70,70,69,72,80,83,78,74,72,69,78,89,97,102,106,118,124,119,107,107,107,106,106,107
65,65,64,65,70,76,75,76,81,84,94,103,108,114,124,131,131,121,107,103,103,104,104,105
64,64,63,63,64,66,63,64,70,74,79,86,91,95,102,108,108,102,96,101,103,105,102,96
61,63,64,64,63,54,47,45,48,51,58,66,73,74,69,69,73,75,79,99,105,107,96,74
45,58,65,66,67,55,38,38,50,61,81,96,101,96,88,67,62,68,81,102,106,107,83,39
25,49,63,65,66,63,55,47,46,55,73,83,88,92,90,83,88,93,93,99,102,95,61,17
13,33,52,62,63,64,63,58,52,55,66,71,74,81,89,97,106,107,100,96,98,72,32,9
10,18,38,56,60,61,63,64,63,62,67,70,72,79,93,106,112,109,101,93,79,43,12,9
10,13,29,48,57,60,62,65,68,69,70,73,78,87,101,110,113,110,102,89,51,21,9,10
