75,61,55,60,72,83,92,102,112,117,119,122,123,121,125,126,129,134,136,134,135,135,131,123
71,53,43,47,53,58,57,63,80,100,107,110,111,110,111,100,90,87,90,91,90,95,104,112
69,58,51,53,57,56,49,47,57,77,91,98,97,93,88,68,52,47,50,55,54,59,74,92
68,69,67,63,63,62,59,55,53,59,78,94,96,84,70,55,46,45,54,64,66,61,64,77
67,70,64,52,44,43,53,59,55,51,70,101,110,91,69,65,66,71,82,100,106,92,79,80
69,63,54,48,46,41,60,66,56,57,75,111,126,108,80,64,60,50,38,47,72,87,91,88
74,72,71,68,64,62,74,79,73,68,80,114,129,114,97,85,74,61,51,59,75,86,92,95
78,79,85,90,89,89,89,89,86,77,86,116,129,117,111,101,91,85,86,96,104,101,100,108
80,80,86,94,99,100,96,92,86,79,88,118,130,118,117,109,100,100,108,118,123,116,113,121
78,83,84,81,81,83,89,88,81,76,86,118,129,117,118,118,104,97,104,109,108,112,118,122
74,82,94,102,102,103,100,89,77,76,92,123,132,118,116,125,123,109,95,94,104,115,119,117
73,80,96,110,113,108,91,77,73,80,103,129,134,118,109,115,128,130,120,115,116,118,116,109
69,77,91,104,106,92,72,63,67,77,106,126,127,115,105,98,114,134,140,137,129,121,113,105
63,70,81,89,86,67,57,57,60,64,91,106,103,95,98,85,94,116,133,136,132,123,111,103
60,65,71,71,63,57,61,59,50,49,60,69,64,55,72,85,85,94,115,125,125,118,108,102
58,63,61,55,52,59,64,63,59,55,54,65,74,81,95,106,93,84,93,106,108,104,97,93
57,63,60,52,50,53,61,67,67,65,64,76,90,99,106,108,100,85,73,85,92,92,87,83
56,62,65,59,51,49,54,61,65,68,72,84,94,99,99,94,94,85,70,75,82,83,80,80
54,59,67,66,52,54,50,50,58,65,70,79,86,87,84,79,77,80,83,82,81,77,81,94
57,56,62,66,61,64,58,55,59,64,65,68,71,74,73,78,73,75,88,95,84,75,94,136
42,50,59,65,66,70,66,59,58,61,66,71,77,84,88,99,96,90,91,91,82,73,116,201
28,43,54,59,65,74,74,69,65,67,70,75,82,90,101,111,109,98,87,84,79,61,112,227
19,35,46,51,59,74,81,81,80,83,86,91,95,99,108,112,109,96,80,76,76,48,86,198
15,29,39,44,53,71,83,88,91,99,107,115,117,113,111,111,107,94,75,68,73,45,65,148
