110,140,165,177,187,194,202,209,214,215,217,221,222,222,225,229,227,222,217,203,194,194,184,161
125,146,165,177,188,197,205,211,214,215,218,220,221,224,230,235,237,235,229,221,214,210,202,190
138,151,165,175,184,191,200,206,208,210,214,216,218,223,229,234,236,235,232,231,226,219,211,207
149,154,159,163,164,166,172,180,189,197,203,206,210,215,217,215,210,206,207,211,213,210,206,204
165,155,145,140,134,131,132,140,156,175,188,194,199,202,197,184,169,159,159,167,179,189,195,196
168,152,140,139,143,144,139,136,140,154,172,183,190,191,181,165,155,151,151,156,162,171,181,187
155,148,138,128,120,115,113,112,114,126,153,181,195,186,161,138,122,117,122,137,149,163,176,183
148,145,131,112,101,94,98,101,104,116,146,185,203,186,152,121,103,95,97,112,128,148,168,179
151,146,129,112,106,101,108,112,115,127,156,193,207,189,158,123,107,101,99,108,121,141,162,177
157,155,148,141,135,127,126,129,136,149,175,202,210,194,171,142,125,123,130,142,153,163,173,182
168,169,173,176,173,166,163,161,160,163,186,208,212,199,187,176,162,152,151,160,172,183,190,192
175,179,188,197,199,196,189,178,169,169,186,208,212,200,194,194,190,186,187,193,201,203,200,198
178,182,193,204,207,205,193,176,166,169,184,205,210,200,192,192,196,203,210,216,219,214,206,198
175,180,190,199,199,192,174,162,161,169,185,201,207,202,190,180,180,191,207,215,217,214,206,194
166,171,179,185,185,169,146,145,162,171,183,193,200,202,194,176,157,161,186,201,204,203,196,184
153,158,164,165,159,140,127,128,137,142,161,172,176,172,161,159,147,139,151,177,190,194,186,171
136,142,148,146,132,117,111,104,92,85,106,127,125,108,108,127,132,124,121,148,169,177,169,152
118,126,134,130,111,100,94,81,61,50,67,90,86,65,74,96,112,109,101,118,145,157,147,130
101,110,121,118,96,83,75,65,57,57,70,88,86,71,75,76,83,87,86,95,124,135,123,108
85,94,106,103,75,63,52,51,59,75,99,117,116,100,86,58,49,54,65,84,108,111,99,88
72,80,89,84,60,57,50,60,87,116,158,181,181,162,132,87,69,61,55,76,91,92,82,73
64,72,76,68,56,71,81,95,112,129,157,169,170,163,144,122,111,85,52,67,78,79,72,65
56,64,63,56,56,83,108,121,124,125,131,132,135,139,138,143,138,101,54,60,70,71,64,56
47,52,51,48,52,80,106,119,123,127,130,132,137,142,142,149,139,102,57,57,67,68,58,46
