54,46,40,39,40,46,58,73,85,91,95,98,99,100,98,96,89,81,75,71,67,73,82,85
47,36,30,31,33,32,32,40,54,70,85,94,96,92,82,65,51,44,44,49,52,53,60,69
44,33,29,32,33,31,24,24,33,49,71,89,95,84,61,41,32,32,39,48,54,54,54,58
48,39,33,32,32,30,25,23,27,37,61,88,97,80,46,33,32,37,46,53,57,59,59,58
56,45,32,24,22,14,15,18,22,32,59,91,104,85,42,32,30,28,29,37,39,45,57,68
63,57,47,39,39,31,32,31,30,40,62,95,109,90,50,37,42,37,22,41,48,57,71,85
67,67,60,53,51,52,51,45,41,49,69,99,112,97,69,55,56,56,52,63,71,82,94,101
68,73,74,70,64,66,64,59,55,59,74,99,111,102,87,80,74,73,78,84,93,103,110,110
66,74,83,86,80,75,73,70,66,64,75,98,109,103,97,100,94,89,91,99,108,114,115,111
63,69,80,90,93,90,83,74,65,62,78,99,108,101,96,103,109,109,106,111,118,120,114,106
62,66,77,89,94,91,83,70,57,58,82,101,107,98,85,88,101,111,114,118,121,118,109,100
63,66,75,86,90,85,71,58,52,60,85,104,108,99,85,70,80,98,110,117,118,114,105,97
63,65,71,78,80,71,59,51,49,56,82,99,101,91,79,58,59,77,99,108,109,107,101,95
62,63,66,69,68,59,56,52,47,45,67,79,78,69,64,61,56,64,83,94,98,98,95,91
58,59,61,62,60,59,61,59,49,40,42,45,45,47,56,80,82,72,68,80,86,88,87,87
51,53,55,56,56,59,61,58,53,49,49,52,58,67,77,91,93,81,66,70,77,80,79,76
47,49,51,52,50,54,57,58,58,60,61,63,71,81,84,87,88,82,72,65,70,74,72,69
49,46,49,50,43,42,45,48,50,54,62,66,70,74,71,67,66,70,72,65,68,70,67,63
49,43,46,48,39,31,32,34,34,36,49,56,57,55,55,49,46,52,62,68,69,67,61,57
36,33,38,43,39,40,43,42,39,37,34,37,43,51,59,66,58,47,49,66,67,60,54,53
12,22,31,33,35,42,45,43,38,32,28,29,36,48,61,71,72,63,53,60,57,52,48,45
3,26,34,29,31,37,44,47,48,49,48,49,55,62,67,70,71,64,52,49,47,44,44,46
4,43,49,30,28,32,42,52,62,72,76,78,82,85,80,72,64,54,44,39,38,39,46,56
6,59,65,34,26,29,41,54,68,82,88,93,97,100,94,80,64,48,37,34,33,37,51,68
