57,99,158,203,221,231,236,237,236,235,235,236,237,237,237,237,237,235,227,213,205,193,171,148
77,118,175,216,230,233,231,227,223,221,225,231,235,234,232,232,232,233,230,222,219,207,185,164
101,142,185,203,199,199,193,184,179,186,204,218,222,217,211,205,202,202,202,204,212,211,196,180
123,155,170,161,147,144,135,124,124,142,177,197,194,176,157,146,144,147,158,184,196,194,186,180
140,148,137,117,112,103,88,82,89,111,148,168,155,117,83,73,80,96,128,187,188,166,154,162
140,143,132,111,93,81,73,76,85,95,122,136,118,84,72,73,73,79,104,148,159,153,143,138
143,144,121,90,77,80,75,72,72,75,89,98,97,85,70,62,60,70,90,113,116,120,122,119
138,132,99,66,60,66,64,60,60,71,96,118,126,112,75,53,57,66,67,74,72,78,93,107
136,127,97,66,57,57,62,64,68,91,141,181,182,143,95,72,79,80,61,57,59,72,95,116
155,161,146,114,87,99,110,112,111,129,191,228,210,160,135,124,127,123,107,95,105,135,158,160
179,186,191,183,163,158,163,164,160,166,223,244,223,187,172,175,174,167,157,152,167,184,190,187
192,197,209,216,209,201,194,176,167,195,239,248,233,209,182,195,200,200,201,198,199,197,196,197
204,207,210,209,202,195,182,164,169,219,246,249,241,224,189,175,179,193,208,212,208,202,200,204
213,212,202,186,175,167,147,153,190,233,244,245,241,230,203,137,126,150,175,192,198,203,206,206
206,202,191,184,186,178,137,155,210,215,220,221,219,214,201,120,94,110,136,154,166,180,191,193
188,190,194,193,180,140,101,109,135,128,151,154,139,125,122,92,78,91,118,138,145,155,165,168
165,166,169,164,140,104,102,108,97,69,85,86,79,79,94,102,94,89,100,117,126,133,138,140
141,139,133,119,95,79,108,124,105,71,62,56,63,88,117,134,116,94,92,98,107,113,116,116
124,122,110,90,71,66,95,119,118,100,77,63,75,108,137,145,118,95,96,96,98,103,107,105
122,121,109,89,72,69,79,88,88,79,76,72,73,81,90,102,91,84,97,120,119,120,121,117
120,123,122,115,98,68,47,44,55,73,99,113,119,115,91,81,57,50,81,129,141,139,132,127
107,114,123,126,119,101,88,79,83,112,139,152,160,160,140,124,102,86,90,120,140,140,130,124
83,95,109,119,126,138,146,137,130,155,174,181,186,189,181,169,163,146,119,111,126,128,120,114
61,78,95,109,127,149,160,151,144,166,188,198,201,198,181,169,174,169,143,114,116,116,110,106
