76,108,129,137,152,173,192,205,214,220,223,225,224,217,205,196,185,176,172,164,152,121,79,48
81,124,142,135,138,147,162,176,188,201,210,215,216,215,208,203,196,188,182,174,158,129,89,57
82,118,129,116,112,109,115,126,139,155,170,181,188,190,191,185,177,169,162,155,142,126,103,78
85,99,97,85,79,71,69,74,85,97,114,135,151,156,154,137,121,112,110,109,112,116,108,90
94,96,84,66,56,46,37,38,45,54,69,102,134,144,122,82,56,49,54,66,90,107,100,75
93,115,113,96,88,67,50,44,46,50,72,123,170,178,128,75,42,32,38,52,70,92,90,62
110,146,157,139,119,93,74,65,65,74,105,156,203,209,145,85,51,43,53,75,89,110,104,70
128,172,195,188,172,149,132,120,114,120,145,191,231,230,168,107,71,62,75,101,127,148,132,88
144,188,219,226,226,214,198,184,174,171,184,222,250,242,195,140,107,100,113,138,171,188,161,108
161,202,228,234,238,236,226,215,206,202,221,242,254,248,223,182,164,168,182,200,214,215,182,130
177,207,223,224,224,222,217,209,202,204,230,246,253,251,236,203,191,197,208,217,223,229,209,167
187,200,203,196,191,189,185,182,188,215,241,250,252,251,241,209,186,183,196,206,211,222,212,181
182,185,177,164,156,153,152,159,184,227,240,242,241,240,234,210,177,163,174,186,190,200,193,164
167,171,162,145,134,129,132,153,186,209,201,202,206,205,201,195,172,154,157,169,171,178,164,129
159,169,163,144,128,119,135,163,174,147,112,120,137,142,138,152,154,147,143,153,160,167,144,99
154,171,162,131,108,112,149,185,191,153,101,86,92,103,115,147,154,139,127,146,154,156,127,77
151,170,155,115,90,99,147,192,205,181,135,101,88,97,124,163,165,134,107,128,151,149,110,60
145,167,154,113,84,80,113,152,174,167,140,111,94,99,125,154,146,112,90,115,151,140,90,44
136,162,159,126,96,77,77,94,111,112,107,101,97,98,105,111,98,81,85,119,152,124,65,30
130,156,160,139,123,123,113,101,95,100,117,118,115,112,98,88,86,89,104,138,150,96,36,22
113,148,161,151,146,154,156,145,123,98,93,91,93,94,94,107,118,121,126,145,123,61,15,16
98,136,160,162,165,170,172,159,133,103,87,81,82,88,100,126,141,143,140,136,82,30,9,17
86,116,143,156,162,165,160,143,119,97,84,79,80,88,109,136,150,152,141,111,47,12,8,15
78,93,115,133,140,148,142,124,100,79,70,69,73,86,111,139,154,154,133,86,32,8,5,5
