130,196,236,240,243,242,238,239,244,247,246,244,240,235,232,222,209,198,192,184,175,166,152,137
139,200,234,233,234,231,227,230,236,240,244,244,243,241,238,234,225,220,220,217,214,207,195,183
146,195,219,212,206,197,196,204,216,225,234,238,239,238,233,225,213,203,201,205,209,208,201,193
147,183,197,186,175,160,159,170,187,203,218,228,230,224,214,199,181,164,155,162,173,179,177,171
146,173,179,164,152,138,134,140,156,177,202,219,222,212,193,175,160,144,132,135,149,163,165,157
150,158,154,136,116,104,113,121,131,157,195,225,229,209,178,159,142,128,114,98,108,122,131,134
158,177,186,175,156,145,154,156,154,173,204,232,237,217,188,169,156,151,145,120,124,136,141,139
177,205,219,214,204,196,198,197,195,205,218,237,239,221,202,194,189,188,187,171,171,175,174,168
201,224,233,227,225,221,220,222,225,230,229,240,237,220,209,215,217,215,213,209,207,205,203,201
218,233,237,233,230,226,230,233,234,235,235,241,237,220,212,220,223,221,217,212,208,210,214,217
230,239,245,244,242,239,240,241,239,235,243,244,235,222,215,220,225,230,233,229,229,229,229,229
235,243,247,248,248,240,236,233,233,236,243,244,234,221,214,215,221,230,238,237,237,237,234,231
236,243,246,244,241,227,218,220,229,237,242,242,234,222,215,211,213,220,230,234,236,236,232,226
232,239,241,234,220,202,198,205,216,225,239,239,229,217,204,199,200,205,210,217,226,229,225,216
224,228,228,213,184,170,182,181,168,174,214,222,206,180,152,155,177,191,186,180,198,213,212,199
209,215,206,173,130,135,149,139,111,102,133,151,134,98,80,99,137,161,155,130,148,180,193,178
197,205,182,134,94,103,111,101,78,64,72,83,73,49,43,61,93,111,103,83,96,142,171,159
189,199,167,111,76,79,82,79,72,68,68,69,62,50,45,53,66,70,60,50,63,118,157,146
184,197,166,108,69,63,67,74,85,101,114,114,104,90,74,66,62,57,47,41,55,115,156,140
182,197,173,115,68,62,61,75,106,140,158,162,155,139,111,84,68,66,67,59,65,121,160,144
181,197,189,150,106,107,108,111,120,138,157,166,161,145,119,105,109,122,126,110,111,143,159,137
173,196,204,188,165,166,169,169,168,173,183,187,184,173,158,150,157,170,174,160,160,169,163,137
147,175,192,192,191,194,198,201,204,206,209,210,207,203,198,189,189,195,198,191,189,185,165,136
114,139,157,162,170,179,184,190,196,200,207,210,209,206,204,197,197,201,204,202,195,186,161,129
