63,69,68,61,56,54,52,56,62,69,94,117,128,126,112,98,90,88,87,90,96,106,113,116
64,61,63,69,74,75,70,64,64,71,88,107,121,120,104,84,75,71,69,70,78,85,91,98
67,64,65,69,69,66,63,64,68,75,85,101,114,116,104,85,74,68,66,69,79,88,94,98
66,64,59,52,44,36,43,54,64,75,85,100,115,120,110,94,76,63,57,61,72,84,96,104
62,54,39,29,28,22,42,49,51,74,83,103,124,131,115,93,66,41,25,24,36,46,66,94
68,63,57,52,50,44,62,65,63,87,88,106,130,138,122,104,79,57,41,31,56,63,68,84
83,79,77,78,81,79,84,85,84,92,93,110,131,141,127,115,97,83,76,74,86,92,95,102
95,95,95,98,103,103,101,101,101,97,98,111,130,142,133,126,118,110,106,110,113,117,121,125
100,104,109,112,115,115,114,114,111,103,99,108,126,140,137,134,134,132,126,129,131,133,137,140
97,106,115,121,125,126,126,122,113,101,93,101,120,134,133,136,140,142,142,140,140,143,147,149
91,101,114,123,127,129,131,124,107,86,84,100,121,133,128,125,133,142,144,145,146,148,147,144
84,95,109,119,126,129,130,114,90,79,81,101,124,135,126,116,122,135,144,147,148,147,142,135
79,89,101,112,122,125,119,96,75,78,74,88,108,118,111,111,112,123,140,145,145,142,135,128
75,83,93,104,114,116,104,81,66,74,61,67,81,88,85,103,106,114,134,140,138,133,126,122
70,75,84,95,104,107,96,78,64,60,57,63,72,75,72,87,106,120,128,132,131,125,118,114
65,69,75,85,95,100,98,93,87,81,84,95,102,104,104,112,124,131,128,124,121,117,113,111
64,66,70,76,84,93,97,98,98,96,103,112,115,116,124,127,132,135,130,120,115,112,111,110
64,66,68,70,74,83,86,89,91,88,91,97,100,102,111,121,127,127,124,116,111,110,110,108
65,67,69,70,68,70,67,67,68,62,60,67,73,74,74,90,103,107,106,108,109,109,108,107
65,66,68,70,67,57,44,37,37,43,53,59,62,59,50,46,56,72,85,102,108,108,105,104
62,63,67,70,69,59,47,39,41,52,65,74,79,78,69,63,67,75,84,101,107,107,100,89
56,60,64,67,68,65,58,52,52,60,72,78,82,84,82,84,89,92,92,97,101,103,86,54
45,54,60,63,64,66,65,63,61,63,70,72,74,79,87,97,104,104,99,93,94,89,61,21
35,48,58,60,61,63,66,68,66,65,65,67,71,78,91,103,107,104,99,93,92,71,36,10
